9.0,0.0,0.0,0.0,1.0,0.0,0.0,0.0,0.0,0.0,0.0,0.0,1.0,0.0,0.0,0.0,15.0,0.0,0.0,0.0,0.0,0.0,0.0,0.0,0.0,0.0,0.0,7.0,0.0,0.0,0.0,8.0,1.0,0.0,1.0,0.0,2.0,0.0,0.0,0.0,0.0,0.0,1.0,0.0,1.0,2.0,0.0,0.0,0.0,1.0,2.0,0.0,0.0,2.0,0.0,0.0,9.0,0.0,0.0,0.0,0.0,2.0,2.0,1.0,0.0,0.0,0.0,0.0,0.0,4.0,2.0,0.0,0.0,4.0,0.0,1.0,3.0,0.0,0.0,1.0,13.0,1.0,0.0,3.0,2.0,0.0,0.0,4.0,0.0,6.0,7.0,1.0,1.0,0.0,3.0,1.0,0.0,0.0,1.0
0.0,20.0,0.0,0.0,0.0,0.0,0.0,0.0,2.0,0.0,1.0,0.0,8.0,0.0,0.0,0.0,19.0,0.0,0.0,0.0,0.0,0.0,0.0,0.0,0.0,0.0,0.0,0.0,0.0,0.0,0.0,0.0,0.0,0.0,0.0,0.0,0.0,0.0,0.0,0.0,0.0,0.0,0.0,0.0,0.0,0.0,0.0,0.0,0.0,0.0,0.0,0.0,0.0,0.0,0.0,0.0,0.0,0.0,0.0,0.0,0.0,0.0,0.0,0.0,0.0,0.0,0.0,0.0,0.0,0.0,0.0,0.0,0.0,0.0,0.0,0.0,0.0,0.0,0.0,0.0,34.0,0.0,0.0,2.0,0.0,0.0,0.0,0.0,0.0,0.0,0.0,0.0,0.0,0.0,0.0,0.0,0.0,0.0,0.0
0.0,0.0,24.0,0.0,0.0,0.0,0.0,0.0,0.0,0.0,3.0,0.0,2.0,0.0,0.0,0.0,1.0,0.0,0.0,0.0,0.0,0.0,0.0,0.0,0.0,0.0,0.0,5.0,0.0,11.0,0.0,2.0,0.0,17.0,0.0,0.0,0.0,0.0,0.0,0.0,0.0,0.0,0.0,0.0,0.0,3.0,0.0,0.0,0.0,0.0,0.0,0.0,0.0,0.0,0.0,0.0,2.0,0.0,0.0,0.0,0.0,0.0,0.0,0.0,0.0,0.0,0.0,0.0,0.0,0.0,2.0,0.0,2.0,6.0,0.0,2.0,1.0,0.0,0.0,0.0,17.0,0.0,0.0,18.0,9.0,0.0,0.0,8.0,0.0,10.0,10.0,2.0,2.0,0.0,2.0,2.0,0.0,0.0,0.0
0.0,0.0,0.0,128.0,0.0,0.0,0.0,0.0,0.0,0.0,2.0,0.0,4.0,0.0,4.0,0.0,8.0,0.0,0.0,0.0,0.0,0.0,0.0,0.0,0.0,0.0,0.0,0.0,0.0,0.0,0.0,0.0,0.0,293.0,0.0,0.0,0.0,0.0,0.0,0.0,0.0,0.0,67.0,0.0,0.0,2.0,0.0,0.0,0.0,0.0,2.0,0.0,0.0,0.0,0.0,0.0,87.0,0.0,0.0,0.0,67.0,0.0,0.0,0.0,0.0,0.0,0.0,0.0,0.0,0.0,0.0,0.0,0.0,0.0,0.0,0.0,0.0,0.0,48.0,0.0,88.0,0.0,0.0,11.0,17.0,0.0,0.0,0.0,0.0,0.0,0.0,0.0,0.0,0.0,0.0,0.0,0.0,0.0,0.0
0.0,0.0,0.0,9.0,173.0,0.0,0.0,0.0,11.0,0.0,4.0,0.0,1.0,0.0,0.0,0.0,0.0,0.0,0.0,0.0,0.0,0.0,0.0,0.0,0.0,0.0,0.0,10.0,0.0,0.0,0.0,3.0,0.0,0.0,0.0,0.0,0.0,2.0,0.0,0.0,2.0,0.0,0.0,0.0,0.0,20.0,0.0,0.0,0.0,0.0,0.0,0.0,0.0,0.0,0.0,0.0,4.0,0.0,0.0,1.0,0.0,33.0,33.0,0.0,0.0,0.0,0.0,0.0,0.0,0.0,0.0,0.0,0.0,1.0,0.0,33.0,2.0,0.0,0.0,0.0,41.0,0.0,0.0,17.0,14.0,0.0,0.0,0.0,0.0,0.0,0.0,0.0,0.0,0.0,0.0,0.0,0.0,0.0,0.0
0.0,0.0,0.0,0.0,0.0,2.0,0.0,0.0,0.0,0.0,0.0,0.0,0.0,0.0,2.0,0.0,0.0,0.0,0.0,0.0,0.0,0.0,0.0,0.0,0.0,0.0,0.0,2.0,0.0,0.0,0.0,0.0,0.0,0.0,0.0,0.0,0.0,0.0,0.0,0.0,0.0,0.0,0.0,0.0,0.0,0.0,0.0,0.0,0.0,0.0,0.0,0.0,0.0,0.0,0.0,0.0,0.0,0.0,0.0,0.0,0.0,0.0,0.0,0.0,0.0,0.0,0.0,0.0,0.0,0.0,0.0,0.0,0.0,0.0,0.0,0.0,0.0,0.0,0.0,0.0,0.0,0.0,0.0,0.0,0.0,0.0,0.0,0.0,0.0,0.0,0.0,0.0,0.0,0.0,0.0,0.0,0.0,0.0,0.0
0.0,0.0,0.0,0.0,0.0,0.0,4.0,0.0,0.0,0.0,0.0,0.0,0.0,0.0,0.0,0.0,0.0,0.0,0.0,0.0,0.0,0.0,0.0,0.0,0.0,0.0,0.0,0.0,0.0,0.0,0.0,0.0,0.0,0.0,0.0,0.0,0.0,0.0,0.0,0.0,0.0,0.0,0.0,0.0,0.0,0.0,0.0,0.0,0.0,0.0,0.0,0.0,0.0,0.0,0.0,0.0,0.0,0.0,0.0,0.0,0.0,0.0,0.0,0.0,0.0,0.0,0.0,0.0,0.0,0.0,0.0,0.0,0.0,0.0,0.0,0.0,0.0,0.0,0.0,0.0,0.0,0.0,0.0,0.0,6.0,0.0,0.0,0.0,0.0,0.0,0.0,0.0,0.0,0.0,0.0,0.0,0.0,0.0,0.0
0.0,0.0,0.0,0.0,0.0,0.0,0.0,206.0,0.0,0.0,0.0,0.0,10.0,0.0,0.0,0.0,4.0,0.0,0.0,0.0,0.0,0.0,0.0,0.0,0.0,0.0,0.0,4.0,0.0,1.0,0.0,3.0,0.0,0.0,3.0,0.0,0.0,0.0,0.0,0.0,1.0,0.0,0.0,0.0,12.0,1.0,0.0,0.0,2.0,0.0,0.0,4.0,0.0,0.0,0.0,0.0,1.0,0.0,0.0,0.0,0.0,0.0,0.0,0.0,0.0,0.0,0.0,0.0,0.0,0.0,1.0,0.0,0.0,3.0,0.0,2.0,0.0,0.0,0.0,0.0,11.0,0.0,0.0,51.0,7.0,0.0,0.0,4.0,0.0,5.0,5.0,1.0,1.0,0.0,1.0,1.0,0.0,0.0,0.0
5.0,0.0,0.0,2.0,23.0,0.0,0.0,0.0,66.0,0.0,1.0,0.0,14.0,0.0,0.0,2.0,117.0,0.0,0.0,0.0,0.0,0.0,0.0,0.0,0.0,0.0,0.0,4.0,0.0,0.0,0.0,49.0,11.0,0.0,9.0,6.0,14.0,4.0,0.0,0.0,0.0,2.0,25.0,2.0,9.0,62.0,6.0,2.0,10.0,9.0,18.0,4.0,2.0,10.0,2.0,0.0,38.0,0.0,2.0,0.0,0.0,24.0,24.0,7.0,0.0,0.0,0.0,0.0,0.0,26.0,10.0,0.0,0.0,26.0,2.0,19.0,17.0,0.0,0.0,5.0,82.0,1.0,0.0,20.0,18.0,0.0,0.0,20.0,0.0,30.0,35.0,5.0,5.0,0.0,19.0,5.0,0.0,0.0,9.0
0.0,0.0,0.0,0.0,0.0,0.0,0.0,0.0,0.0,32.0,5.0,0.0,0.0,0.0,0.0,0.0,0.0,0.0,0.0,0.0,0.0,0.0,0.0,0.0,0.0,0.0,0.0,0.0,0.0,0.0,0.0,0.0,0.0,0.0,0.0,0.0,0.0,0.0,0.0,0.0,0.0,0.0,0.0,0.0,0.0,0.0,0.0,0.0,0.0,0.0,0.0,0.0,0.0,0.0,0.0,0.0,0.0,0.0,0.0,0.0,0.0,0.0,0.0,0.0,0.0,0.0,0.0,0.0,0.0,0.0,0.0,0.0,0.0,0.0,0.0,0.0,0.0,0.0,0.0,0.0,8.0,0.0,0.0,7.0,4.0,0.0,0.0,0.0,0.0,0.0,0.0,0.0,0.0,0.0,0.0,0.0,0.0,0.0,0.0
0.0,0.0,0.0,0.0,0.0,0.0,0.0,0.0,0.0,0.0,32.0,0.0,0.0,0.0,0.0,0.0,0.0,0.0,0.0,0.0,0.0,0.0,0.0,0.0,0.0,0.0,0.0,0.0,0.0,11.0,0.0,2.0,0.0,0.0,22.0,0.0,0.0,2.0,0.0,0.0,22.0,0.0,0.0,0.0,0.0,0.0,0.0,0.0,2.0,0.0,0.0,0.0,0.0,0.0,0.0,0.0,26.0,0.0,0.0,0.0,0.0,0.0,0.0,0.0,0.0,0.0,0.0,0.0,0.0,11.0,0.0,0.0,0.0,0.0,0.0,0.0,0.0,0.0,27.0,0.0,4.0,0.0,0.0,6.0,4.0,0.0,0.0,0.0,0.0,33.0,22.0,0.0,0.0,0.0,0.0,0.0,0.0,0.0,11.0
4.0,0.0,0.0,0.0,6.0,0.0,0.0,0.0,6.0,0.0,11.0,127.0,19.0,2.0,0.0,2.0,67.0,0.0,0.0,0.0,0.0,0.0,0.0,0.0,0.0,0.0,0.0,0.0,0.0,0.0,0.0,44.0,6.0,0.0,4.0,0.0,10.0,2.0,0.0,0.0,1.0,0.0,8.0,2.0,11.0,11.0,0.0,0.0,6.0,5.0,9.0,0.0,0.0,8.0,0.0,0.0,109.0,0.0,2.0,0.0,0.0,8.0,8.0,5.0,0.0,0.0,0.0,0.0,0.0,18.0,8.0,0.0,0.0,27.0,3.0,6.0,13.0,0.0,0.0,15.0,80.0,0.0,0.0,32.0,33.0,1.0,0.0,16.0,0.0,26.0,30.0,6.0,6.0,0.0,16.0,6.0,0.0,0.0,6.0
0.0,2.0,7.0,8.0,4.0,0.0,0.0,5.0,7.0,6.0,60.0,21.0,698.0,4.0,108.0,1.0,18.0,0.0,0.0,0.0,0.0,0.0,0.0,0.0,0.0,0.0,0.0,37.0,0.0,16.0,0.0,43.0,9.0,21.0,8.0,4.0,10.0,5.0,4.0,4.0,4.0,7.0,19.0,8.0,6.0,10.0,24.0,4.0,3.0,5.0,17.0,0.0,4.0,0.0,4.0,0.0,71.0,4.0,5.0,4.0,4.0,5.0,13.0,1.0,0.0,4.0,0.0,0.0,4.0,11.0,10.0,0.0,2.0,21.0,1.0,7.0,5.0,4.0,6.0,0.0,507.0,9.0,0.0,157.0,52.0,4.0,0.0,8.0,0.0,26.0,22.0,3.0,3.0,0.0,17.0,3.0,0.0,4.0,9.0
0.0,0.0,0.0,0.0,0.0,0.0,0.0,0.0,0.0,0.0,2.0,0.0,0.0,13.0,0.0,0.0,0.0,0.0,0.0,0.0,0.0,0.0,0.0,0.0,0.0,0.0,0.0,0.0,0.0,0.0,0.0,0.0,0.0,0.0,0.0,0.0,0.0,0.0,0.0,0.0,0.0,0.0,0.0,0.0,0.0,0.0,0.0,0.0,0.0,0.0,0.0,0.0,0.0,0.0,0.0,0.0,0.0,0.0,0.0,0.0,0.0,0.0,0.0,0.0,0.0,0.0,0.0,0.0,0.0,0.0,0.0,0.0,0.0,0.0,0.0,0.0,0.0,0.0,0.0,0.0,0.0,0.0,0.0,2.0,0.0,0.0,0.0,0.0,0.0,0.0,0.0,0.0,0.0,0.0,0.0,0.0,0.0,0.0,0.0
0.0,0.0,0.0,0.0,0.0,0.0,0.0,0.0,0.0,1.0,13.0,0.0,25.0,0.0,86.0,0.0,0.0,0.0,0.0,0.0,0.0,0.0,0.0,0.0,0.0,0.0,0.0,0.0,0.0,0.0,0.0,2.0,0.0,0.0,0.0,0.0,0.0,0.0,0.0,0.0,2.0,0.0,0.0,0.0,0.0,0.0,0.0,0.0,0.0,0.0,0.0,0.0,0.0,0.0,0.0,0.0,0.0,0.0,0.0,0.0,0.0,0.0,0.0,0.0,0.0,0.0,0.0,0.0,0.0,0.0,0.0,0.0,0.0,5.0,0.0,0.0,0.0,0.0,0.0,0.0,80.0,0.0,0.0,17.0,26.0,0.0,0.0,0.0,0.0,0.0,0.0,0.0,0.0,0.0,0.0,0.0,0.0,0.0,0.0
0.0,0.0,0.0,0.0,0.0,0.0,0.0,0.0,0.0,0.0,0.0,0.0,0.0,0.0,1.0,8.0,1.0,0.0,0.0,0.0,0.0,0.0,0.0,0.0,0.0,0.0,0.0,0.0,0.0,0.0,0.0,0.0,0.0,0.0,0.0,0.0,0.0,0.0,0.0,0.0,0.0,0.0,0.0,0.0,0.0,1.0,0.0,0.0,0.0,0.0,0.0,0.0,0.0,0.0,0.0,0.0,0.0,0.0,0.0,0.0,0.0,0.0,0.0,0.0,0.0,0.0,0.0,0.0,0.0,0.0,0.0,0.0,0.0,0.0,0.0,0.0,1.0,0.0,0.0,0.0,3.0,0.0,0.0,0.0,0.0,0.0,0.0,0.0,0.0,0.0,0.0,0.0,0.0,0.0,0.0,0.0,0.0,0.0,0.0
1.0,17.0,8.0,0.0,2.0,2.0,0.0,6.0,4.0,0.0,53.0,0.0,9.0,0.0,7.0,1.0,612.0,0.0,69.0,0.0,32.0,114.0,0.0,13.0,1.0,6.0,10.0,18.0,0.0,12.0,0.0,23.0,10.0,25.0,14.0,0.0,4.0,1.0,0.0,0.0,4.0,4.0,31.0,4.0,3.0,24.0,14.0,4.0,13.0,2.0,9.0,12.0,0.0,2.0,0.0,0.0,126.0,0.0,1.0,0.0,0.0,3.0,3.0,2.0,0.0,0.0,0.0,0.0,0.0,15.0,4.0,0.0,1.0,129.0,1.0,5.0,25.0,0.0,0.0,1.0,182.0,3.0,0.0,201.0,112.0,0.0,0.0,12.0,0.0,23.0,22.0,4.0,4.0,0.0,7.0,4.0,0.0,0.0,6.0
0.0,0.0,0.0,0.0,0.0,0.0,0.0,0.0,0.0,0.0,0.0,0.0,0.0,0.0,0.0,0.0,5.0,89.0,2.0,24.0,0.0,52.0,43.0,0.0,0.0,0.0,115.0,0.0,0.0,0.0,0.0,3.0,0.0,0.0,0.0,0.0,0.0,0.0,0.0,0.0,0.0,0.0,0.0,0.0,0.0,0.0,0.0,0.0,0.0,0.0,0.0,0.0,0.0,0.0,0.0,0.0,0.0,0.0,0.0,0.0,0.0,0.0,0.0,0.0,0.0,0.0,0.0,0.0,0.0,0.0,0.0,0.0,0.0,0.0,0.0,0.0,0.0,0.0,0.0,0.0,0.0,0.0,0.0,0.0,0.0,0.0,0.0,0.0,0.0,0.0,0.0,0.0,0.0,0.0,0.0,0.0,0.0,0.0,0.0
0.0,0.0,0.0,0.0,0.0,0.0,0.0,0.0,0.0,0.0,0.0,0.0,0.0,0.0,2.0,0.0,30.0,0.0,66.0,7.0,31.0,37.0,0.0,0.0,0.0,0.0,113.0,0.0,0.0,0.0,0.0,0.0,0.0,0.0,0.0,0.0,0.0,0.0,0.0,0.0,0.0,0.0,0.0,0.0,0.0,0.0,0.0,0.0,0.0,0.0,0.0,0.0,0.0,0.0,0.0,0.0,0.0,0.0,0.0,0.0,0.0,0.0,0.0,0.0,0.0,0.0,0.0,0.0,0.0,0.0,0.0,0.0,0.0,0.0,0.0,0.0,0.0,0.0,0.0,0.0,2.0,2.0,0.0,0.0,0.0,0.0,0.0,0.0,0.0,2.0,0.0,0.0,0.0,0.0,0.0,0.0,0.0,0.0,0.0
0.0,0.0,0.0,0.0,0.0,0.0,0.0,0.0,0.0,0.0,0.0,0.0,0.0,0.0,0.0,0.0,72.0,14.0,11.0,231.0,0.0,43.0,24.0,0.0,0.0,6.0,181.0,0.0,0.0,0.0,0.0,0.0,0.0,0.0,0.0,0.0,0.0,0.0,0.0,0.0,0.0,0.0,0.0,0.0,0.0,0.0,0.0,0.0,0.0,0.0,0.0,0.0,0.0,0.0,0.0,0.0,0.0,0.0,0.0,0.0,0.0,0.0,0.0,0.0,0.0,0.0,0.0,0.0,0.0,0.0,0.0,0.0,0.0,0.0,0.0,0.0,0.0,0.0,0.0,0.0,0.0,0.0,0.0,0.0,0.0,0.0,0.0,0.0,0.0,0.0,0.0,0.0,0.0,0.0,0.0,0.0,0.0,0.0,0.0
0.0,0.0,0.0,0.0,0.0,0.0,0.0,0.0,0.0,0.0,0.0,0.0,0.0,0.0,0.0,0.0,12.0,0.0,5.0,0.0,81.0,8.0,0.0,0.0,0.0,0.0,20.0,0.0,0.0,0.0,0.0,0.0,0.0,0.0,0.0,0.0,0.0,0.0,0.0,0.0,0.0,0.0,0.0,0.0,0.0,0.0,0.0,0.0,0.0,0.0,0.0,0.0,0.0,0.0,0.0,0.0,0.0,0.0,0.0,0.0,0.0,0.0,0.0,0.0,0.0,0.0,0.0,0.0,0.0,0.0,0.0,0.0,0.0,0.0,0.0,0.0,0.0,0.0,0.0,0.0,0.0,0.0,0.0,0.0,0.0,0.0,0.0,0.0,0.0,0.0,0.0,0.0,0.0,0.0,0.0,0.0,0.0,0.0,0.0
0.0,0.0,0.0,0.0,0.0,0.0,0.0,0.0,0.0,0.0,0.0,0.0,0.0,0.0,0.0,0.0,61.0,9.0,0.0,9.0,0.0,139.0,6.0,0.0,0.0,1.0,144.0,0.0,0.0,0.0,0.0,1.0,0.0,0.0,0.0,0.0,0.0,0.0,0.0,0.0,0.0,0.0,0.0,0.0,0.0,0.0,0.0,0.0,0.0,0.0,0.0,0.0,0.0,0.0,0.0,0.0,0.0,0.0,0.0,0.0,0.0,0.0,0.0,0.0,0.0,0.0,0.0,0.0,0.0,0.0,0.0,0.0,0.0,0.0,0.0,0.0,0.0,0.0,0.0,0.0,0.0,0.0,0.0,0.0,0.0,0.0,0.0,0.0,0.0,0.0,0.0,0.0,0.0,0.0,0.0,0.0,0.0,0.0,0.0
0.0,0.0,0.0,0.0,0.0,0.0,0.0,0.0,0.0,0.0,0.0,0.0,0.0,0.0,0.0,0.0,1.0,19.0,0.0,1.0,0.0,3.0,72.0,0.0,0.0,0.0,23.0,0.0,0.0,0.0,0.0,2.0,0.0,0.0,0.0,0.0,0.0,0.0,0.0,0.0,0.0,0.0,0.0,0.0,0.0,0.0,0.0,0.0,0.0,0.0,0.0,0.0,0.0,0.0,0.0,0.0,0.0,0.0,0.0,0.0,0.0,0.0,0.0,0.0,0.0,0.0,0.0,0.0,0.0,0.0,0.0,0.0,0.0,0.0,0.0,0.0,0.0,0.0,0.0,0.0,0.0,0.0,0.0,0.0,0.0,0.0,0.0,0.0,0.0,0.0,0.0,0.0,0.0,0.0,0.0,0.0,0.0,0.0,0.0
0.0,0.0,0.0,0.0,0.0,0.0,0.0,0.0,0.0,0.0,0.0,0.0,0.0,0.0,0.0,0.0,2.0,0.0,0.0,0.0,0.0,3.0,0.0,53.0,0.0,0.0,22.0,0.0,0.0,0.0,0.0,0.0,0.0,0.0,0.0,0.0,0.0,0.0,0.0,0.0,0.0,0.0,0.0,0.0,0.0,0.0,0.0,0.0,0.0,0.0,0.0,0.0,0.0,0.0,0.0,0.0,0.0,0.0,0.0,0.0,0.0,0.0,0.0,0.0,0.0,0.0,0.0,0.0,0.0,0.0,0.0,0.0,0.0,0.0,0.0,0.0,0.0,0.0,0.0,0.0,0.0,0.0,0.0,0.0,0.0,0.0,0.0,0.0,0.0,0.0,0.0,0.0,0.0,0.0,0.0,0.0,0.0,0.0,0.0
0.0,0.0,0.0,0.0,0.0,0.0,0.0,0.0,0.0,0.0,0.0,0.0,0.0,0.0,0.0,0.0,2.0,0.0,10.0,0.0,4.0,0.0,0.0,0.0,3.0,0.0,0.0,2.0,0.0,0.0,0.0,0.0,0.0,0.0,0.0,0.0,0.0,0.0,0.0,0.0,0.0,0.0,0.0,0.0,0.0,0.0,0.0,0.0,0.0,0.0,0.0,0.0,0.0,0.0,0.0,0.0,0.0,0.0,0.0,0.0,0.0,0.0,0.0,0.0,0.0,0.0,0.0,0.0,0.0,0.0,0.0,0.0,0.0,5.0,0.0,0.0,0.0,0.0,0.0,0.0,4.0,0.0,0.0,0.0,0.0,0.0,0.0,0.0,0.0,0.0,0.0,0.0,0.0,0.0,0.0,0.0,0.0,0.0,0.0
0.0,0.0,0.0,0.0,0.0,0.0,0.0,0.0,0.0,0.0,0.0,0.0,0.0,0.0,0.0,0.0,18.0,0.0,0.0,0.0,0.0,3.0,0.0,0.0,0.0,83.0,21.0,0.0,0.0,0.0,0.0,0.0,0.0,0.0,0.0,0.0,0.0,0.0,0.0,0.0,0.0,0.0,0.0,0.0,0.0,0.0,0.0,0.0,0.0,0.0,0.0,0.0,0.0,0.0,0.0,0.0,0.0,0.0,0.0,0.0,0.0,0.0,0.0,0.0,0.0,0.0,0.0,0.0,0.0,0.0,0.0,0.0,0.0,0.0,0.0,0.0,0.0,0.0,0.0,0.0,0.0,0.0,0.0,0.0,0.0,0.0,0.0,0.0,0.0,0.0,0.0,0.0,0.0,0.0,0.0,0.0,0.0,0.0,0.0
0.0,0.0,0.0,0.0,0.0,0.0,0.0,0.0,0.0,0.0,0.0,0.0,0.0,0.0,0.0,0.0,61.0,1.0,7.0,4.0,2.0,9.0,1.0,0.0,0.0,0.0,175.0,0.0,0.0,0.0,0.0,0.0,0.0,0.0,0.0,0.0,0.0,0.0,0.0,0.0,0.0,0.0,0.0,0.0,0.0,0.0,0.0,0.0,0.0,0.0,0.0,0.0,0.0,0.0,0.0,0.0,0.0,0.0,0.0,0.0,0.0,0.0,0.0,0.0,0.0,0.0,0.0,0.0,0.0,0.0,0.0,0.0,0.0,0.0,0.0,0.0,0.0,0.0,0.0,0.0,0.0,0.0,0.0,0.0,0.0,0.0,0.0,0.0,0.0,0.0,0.0,0.0,0.0,0.0,0.0,0.0,0.0,0.0,0.0
0.0,0.0,27.0,6.0,8.0,0.0,0.0,6.0,2.0,0.0,11.0,0.0,44.0,0.0,2.0,0.0,120.0,0.0,0.0,0.0,0.0,0.0,0.0,0.0,0.0,0.0,0.0,273.0,10.0,60.0,1.0,24.0,28.0,75.0,40.0,6.0,4.0,2.0,0.0,15.0,3.0,24.0,135.0,21.0,2.0,38.0,37.0,9.0,49.0,4.0,44.0,45.0,14.0,5.0,2.0,0.0,18.0,0.0,0.0,0.0,0.0,2.0,4.0,0.0,0.0,0.0,0.0,0.0,0.0,21.0,10.0,0.0,6.0,35.0,0.0,10.0,44.0,0.0,2.0,1.0,64.0,4.0,0.0,119.0,51.0,2.0,0.0,43.0,0.0,51.0,53.0,11.0,11.0,0.0,14.0,11.0,0.0,0.0,24.0
0.0,0.0,0.0,1.0,1.0,0.0,0.0,1.0,0.0,0.0,0.0,0.0,7.0,0.0,0.0,0.0,0.0,0.0,0.0,0.0,0.0,0.0,0.0,0.0,0.0,0.0,0.0,11.0,20.0,0.0,0.0,0.0,1.0,2.0,3.0,0.0,0.0,0.0,0.0,3.0,0.0,3.0,11.0,2.0,0.0,3.0,1.0,0.0,5.0,0.0,4.0,5.0,2.0,0.0,0.0,0.0,0.0,0.0,0.0,0.0,0.0,0.0,0.0,0.0,0.0,0.0,0.0,0.0,0.0,0.0,0.0,0.0,0.0,0.0,0.0,0.0,2.0,0.0,0.0,0.0,2.0,1.0,1.0,6.0,0.0,0.0,0.0,0.0,0.0,2.0,2.0,1.0,1.0,0.0,0.0,1.0,0.0,0.0,2.0
0.0,0.0,37.0,20.0,5.0,0.0,0.0,0.0,9.0,0.0,63.0,6.0,47.0,1.0,2.0,1.0,60.0,0.0,0.0,0.0,0.0,0.0,0.0,0.0,0.0,0.0,0.0,54.0,1.0,1383.0,2.0,75.0,11.0,94.0,42.0,6.0,20.0,11.0,9.0,6.0,24.0,9.0,50.0,19.0,10.0,33.0,50.0,6.0,10.0,11.0,35.0,1.0,6.0,4.0,6.0,0.0,184.0,9.0,7.0,13.0,11.0,19.0,36.0,25.0,11.0,14.0,0.0,0.0,6.0,32.0,33.0,35.0,29.0,66.0,11.0,37.0,16.0,6.0,47.0,0.0,380.0,0.0,1.0,156.0,153.0,9.0,0.0,58.0,0.0,124.0,112.0,16.0,16.0,1.0,44.0,16.0,0.0,6.0,24.0
2.0,0.0,0.0,2.0,3.0,0.0,0.0,0.0,0.0,0.0,24.0,0.0,2.0,0.0,0.0,0.0,16.0,0.0,0.0,0.0,0.0,0.0,0.0,0.0,0.0,0.0,0.0,2.0,0.0,16.0,332.0,21.0,3.0,1.0,95.0,0.0,8.0,1.0,0.0,0.0,1.0,0.0,5.0,0.0,3.0,4.0,9.0,0.0,1.0,3.0,10.0,2.0,0.0,6.0,0.0,0.0,11.0,0.0,2.0,0.0,0.0,3.0,4.0,0.0,0.0,0.0,0.0,0.0,0.0,6.0,4.0,0.0,0.0,10.0,0.0,2.0,7.0,0.0,1.0,0.0,20.0,0.0,0.0,66.0,17.0,3.0,0.0,14.0,0.0,19.0,22.0,3.0,3.0,1.0,10.0,3.0,0.0,2.0,3.0
6.0,1.0,6.0,2.0,15.0,0.0,0.0,0.0,18.0,0.0,42.0,2.0,54.0,10.0,7.0,6.0,26.0,0.0,0.0,0.0,0.0,0.0,0.0,2.0,0.0,0.0,0.0,28.0,0.0,39.0,0.0,1233.0,21.0,11.0,22.0,0.0,45.0,11.0,8.0,0.0,4.0,0.0,69.0,9.0,18.0,28.0,15.0,0.0,111.0,15.0,37.0,3.0,0.0,12.0,0.0,96.0,151.0,3.0,12.0,3.0,0.0,20.0,29.0,14.0,0.0,0.0,0.0,0.0,0.0,34.0,9.0,0.0,2.0,47.0,8.0,19.0,40.0,0.0,43.0,2.0,338.0,12.0,1.0,141.0,75.0,8.0,0.0,37.0,0.0,81.0,81.0,13.0,15.0,1.0,38.0,13.0,0.0,6.0,19.0
0.0,0.0,0.0,0.0,6.0,0.0,0.0,0.0,1.0,0.0,9.0,0.0,3.0,1.0,16.0,0.0,22.0,0.0,0.0,0.0,0.0,0.0,0.0,0.0,0.0,0.0,0.0,0.0,0.0,0.0,0.0,7.0,268.0,0.0,0.0,0.0,0.0,2.0,1.0,0.0,2.0,1.0,1.0,1.0,0.0,49.0,0.0,0.0,0.0,0.0,0.0,1.0,0.0,0.0,0.0,0.0,4.0,0.0,0.0,0.0,0.0,4.0,4.0,1.0,0.0,0.0,0.0,0.0,0.0,1.0,0.0,0.0,0.0,0.0,1.0,4.0,3.0,0.0,0.0,0.0,87.0,0.0,0.0,15.0,36.0,1.0,0.0,0.0,0.0,1.0,1.0,1.0,1.0,0.0,8.0,1.0,0.0,0.0,1.0
0.0,0.0,22.0,55.0,13.0,0.0,0.0,1.0,3.0,0.0,9.0,0.0,11.0,0.0,0.0,0.0,2.0,0.0,0.0,0.0,0.0,0.0,0.0,0.0,0.0,0.0,0.0,16.0,0.0,31.0,0.0,7.0,1.0,363.0,2.0,0.0,0.0,0.0,1.0,2.0,0.0,2.0,58.0,2.0,0.0,10.0,0.0,0.0,6.0,0.0,4.0,5.0,2.0,0.0,0.0,0.0,53.0,0.0,0.0,0.0,47.0,9.0,9.0,0.0,0.0,0.0,0.0,0.0,0.0,0.0,6.0,0.0,6.0,18.0,0.0,15.0,14.0,0.0,1.0,0.0,48.0,0.0,0.0,62.0,26.0,0.0,0.0,24.0,0.0,32.0,32.0,6.0,6.0,1.0,6.0,6.0,0.0,0.0,2.0
0.0,0.0,0.0,0.0,4.0,0.0,0.0,1.0,2.0,0.0,63.0,0.0,4.0,0.0,0.0,0.0,0.0,0.0,0.0,0.0,0.0,0.0,0.0,0.0,0.0,0.0,0.0,16.0,0.0,80.0,25.0,16.0,2.0,1.0,632.0,7.0,0.0,1.0,0.0,1.0,2.0,2.0,17.0,7.0,0.0,13.0,5.0,1.0,6.0,1.0,6.0,4.0,2.0,0.0,1.0,0.0,6.0,1.0,0.0,0.0,0.0,4.0,5.0,1.0,0.0,1.0,0.0,0.0,0.0,1.0,0.0,0.0,3.0,12.0,0.0,4.0,1.0,0.0,2.0,0.0,373.0,14.0,0.0,206.0,36.0,0.0,0.0,23.0,0.0,8.0,4.0,0.0,0.0,0.0,0.0,0.0,0.0,0.0,3.0
0.0,0.0,0.0,0.0,0.0,0.0,0.0,0.0,0.0,0.0,0.0,0.0,0.0,0.0,1.0,0.0,0.0,0.0,0.0,0.0,0.0,0.0,0.0,0.0,0.0,0.0,0.0,0.0,0.0,0.0,0.0,1.0,0.0,0.0,29.0,67.0,0.0,0.0,0.0,0.0,0.0,0.0,2.0,2.0,0.0,2.0,3.0,0.0,0.0,0.0,0.0,0.0,0.0,0.0,0.0,0.0,0.0,0.0,0.0,0.0,0.0,0.0,0.0,0.0,0.0,0.0,0.0,0.0,0.0,0.0,0.0,0.0,0.0,0.0,0.0,0.0,0.0,0.0,1.0,0.0,18.0,0.0,0.0,4.0,0.0,0.0,0.0,0.0,0.0,0.0,0.0,0.0,0.0,0.0,0.0,0.0,0.0,0.0,0.0
2.0,0.0,0.0,0.0,2.0,0.0,0.0,0.0,0.0,0.0,6.0,0.0,4.0,0.0,0.0,0.0,0.0,0.0,0.0,0.0,0.0,0.0,0.0,0.0,0.0,0.0,0.0,9.0,0.0,6.0,0.0,25.0,2.0,0.0,4.0,0.0,117.0,4.0,4.0,0.0,0.0,0.0,4.0,0.0,2.0,2.0,2.0,0.0,1.0,4.0,12.0,0.0,2.0,4.0,2.0,0.0,41.0,0.0,2.0,0.0,0.0,2.0,2.0,0.0,0.0,0.0,0.0,0.0,0.0,5.0,2.0,0.0,0.0,12.0,0.0,0.0,8.0,0.0,0.0,1.0,19.0,0.0,0.0,36.0,9.0,2.0,0.0,8.0,0.0,31.0,33.0,5.0,6.0,0.0,7.0,5.0,0.0,2.0,2.0
0.0,0.0,0.0,0.0,1.0,0.0,0.0,0.0,3.0,0.0,6.0,0.0,2.0,0.0,0.0,1.0,4.0,0.0,0.0,0.0,0.0,0.0,0.0,0.0,0.0,0.0,0.0,10.0,0.0,0.0,0.0,8.0,1.0,0.0,0.0,0.0,17.0,29.0,4.0,26.0,3.0,0.0,2.0,0.0,2.0,3.0,0.0,0.0,3.0,1.0,1.0,0.0,0.0,0.0,0.0,0.0,11.0,0.0,1.0,0.0,0.0,1.0,1.0,1.0,0.0,0.0,0.0,0.0,0.0,3.0,0.0,0.0,0.0,3.0,1.0,1.0,3.0,0.0,0.0,0.0,21.0,4.0,0.0,23.0,6.0,0.0,0.0,4.0,0.0,4.0,0.0,0.0,0.0,0.0,2.0,0.0,0.0,0.0,1.0
0.0,0.0,0.0,2.0,1.0,0.0,0.0,0.0,3.0,0.0,5.0,0.0,4.0,0.0,2.0,1.0,4.0,0.0,0.0,0.0,0.0,0.0,0.0,0.0,0.0,0.0,0.0,10.0,0.0,1.0,0.0,11.0,1.0,0.0,0.0,0.0,12.0,6.0,121.0,104.0,0.0,0.0,2.0,0.0,2.0,4.0,0.0,0.0,4.0,3.0,6.0,1.0,2.0,0.0,2.0,0.0,32.0,0.0,1.0,0.0,0.0,1.0,1.0,1.0,0.0,0.0,0.0,0.0,0.0,3.0,0.0,0.0,0.0,3.0,1.0,1.0,2.0,0.0,25.0,0.0,50.0,4.0,0.0,32.0,12.0,0.0,0.0,4.0,0.0,12.0,8.0,0.0,0.0,1.0,2.0,0.0,0.0,0.0,1.0
1.0,0.0,0.0,0.0,1.0,0.0,0.0,6.0,0.0,0.0,5.0,0.0,3.0,0.0,0.0,0.0,4.0,0.0,0.0,0.0,0.0,0.0,0.0,0.0,0.0,0.0,0.0,19.0,0.0,4.0,0.0,15.0,1.0,0.0,5.0,0.0,7.0,4.0,13.0,122.0,1.0,1.0,3.0,1.0,1.0,2.0,1.0,0.0,3.0,2.0,6.0,4.0,1.0,2.0,1.0,0.0,3.0,0.0,1.0,0.0,0.0,1.0,1.0,0.0,0.0,0.0,0.0,0.0,0.0,2.0,2.0,0.0,0.0,6.0,0.0,2.0,4.0,0.0,0.0,1.0,37.0,3.0,0.0,31.0,8.0,1.0,0.0,8.0,0.0,21.0,22.0,3.0,4.0,0.0,4.0,3.0,0.0,1.0,1.0
0.0,0.0,0.0,1.0,2.0,0.0,0.0,0.0,0.0,0.0,21.0,2.0,15.0,1.0,0.0,0.0,0.0,0.0,0.0,0.0,0.0,0.0,0.0,0.0,0.0,0.0,0.0,1.0,0.0,34.0,0.0,4.0,1.0,1.0,1.0,0.0,0.0,0.0,0.0,1.0,386.0,4.0,14.0,7.0,0.0,8.0,0.0,0.0,2.0,0.0,2.0,2.0,1.0,1.0,0.0,0.0,28.0,0.0,0.0,3.0,0.0,0.0,0.0,0.0,0.0,1.0,0.0,0.0,0.0,0.0,0.0,0.0,1.0,0.0,0.0,0.0,0.0,0.0,1.0,0.0,72.0,0.0,0.0,57.0,84.0,0.0,0.0,0.0,0.0,5.0,0.0,0.0,0.0,0.0,0.0,0.0,0.0,0.0,1.0
0.0,0.0,2.0,58.0,2.0,0.0,0.0,0.0,1.0,0.0,39.0,0.0,0.0,0.0,1.0,0.0,22.0,0.0,0.0,0.0,0.0,0.0,0.0,0.0,0.0,0.0,0.0,1.0,0.0,2.0,0.0,7.0,6.0,234.0,6.0,3.0,0.0,0.0,0.0,0.0,0.0,395.0,90.0,13.0,0.0,16.0,21.0,3.0,6.0,1.0,5.0,6.0,1.0,0.0,7.0,0.0,58.0,0.0,0.0,0.0,58.0,0.0,0.0,0.0,0.0,0.0,0.0,0.0,0.0,4.0,0.0,0.0,0.0,9.0,0.0,0.0,0.0,0.0,0.0,0.0,139.0,2.0,0.0,83.0,12.0,0.0,0.0,0.0,0.0,0.0,0.0,0.0,0.0,0.0,0.0,0.0,0.0,0.0,3.0
0.0,0.0,0.0,52.0,0.0,0.0,0.0,0.0,1.0,0.0,97.0,0.0,0.0,0.0,13.0,0.0,20.0,0.0,0.0,0.0,0.0,0.0,0.0,0.0,0.0,0.0,0.0,1.0,0.0,2.0,0.0,385.0,2.0,213.0,2.0,3.0,0.0,0.0,0.0,0.0,0.0,4.0,2943.0,13.0,0.0,144.0,5.0,1.0,53.0,1.0,3.0,2.0,1.0,0.0,1.0,0.0,114.0,0.0,0.0,0.0,52.0,0.0,13.0,0.0,0.0,0.0,0.0,0.0,0.0,0.0,0.0,0.0,0.0,0.0,0.0,0.0,3.0,0.0,0.0,0.0,392.0,32.0,0.0,160.0,17.0,0.0,0.0,81.0,20.0,0.0,0.0,0.0,0.0,0.0,0.0,0.0,0.0,0.0,1.0
0.0,0.0,0.0,0.0,0.0,0.0,0.0,0.0,0.0,0.0,32.0,0.0,0.0,1.0,1.0,0.0,0.0,0.0,0.0,0.0,0.0,0.0,0.0,0.0,0.0,0.0,0.0,0.0,0.0,0.0,0.0,62.0,0.0,0.0,0.0,0.0,0.0,0.0,0.0,0.0,0.0,2.0,133.0,616.0,0.0,27.0,0.0,0.0,62.0,0.0,0.0,0.0,0.0,0.0,0.0,0.0,62.0,0.0,0.0,0.0,0.0,0.0,0.0,0.0,0.0,0.0,0.0,0.0,0.0,0.0,0.0,0.0,0.0,0.0,0.0,0.0,0.0,0.0,0.0,0.0,31.0,5.0,0.0,37.0,23.0,0.0,0.0,8.0,3.0,0.0,0.0,0.0,0.0,0.0,0.0,0.0,0.0,0.0,0.0
0.0,0.0,0.0,0.0,3.0,0.0,0.0,9.0,9.0,0.0,1.0,0.0,17.0,0.0,0.0,3.0,16.0,0.0,0.0,0.0,0.0,0.0,0.0,0.0,0.0,0.0,0.0,0.0,0.0,1.0,0.0,24.0,3.0,0.0,5.0,0.0,6.0,3.0,0.0,2.0,1.0,2.0,8.0,0.0,140.0,9.0,2.0,0.0,16.0,3.0,3.0,6.0,0.0,1.0,0.0,0.0,28.0,0.0,3.0,0.0,0.0,3.0,3.0,3.0,0.0,0.0,0.0,0.0,0.0,9.0,1.0,0.0,0.0,12.0,3.0,5.0,10.0,0.0,0.0,0.0,30.0,2.0,0.0,8.0,13.0,0.0,0.0,4.0,0.0,9.0,9.0,3.0,3.0,0.0,7.0,3.0,0.0,0.0,3.0
1.0,0.0,11.0,1.0,3.0,0.0,0.0,1.0,13.0,0.0,12.0,0.0,24.0,0.0,8.0,1.0,45.0,0.0,0.0,0.0,0.0,4.0,0.0,0.0,0.0,0.0,0.0,44.0,0.0,18.0,0.0,21.0,8.0,25.0,8.0,3.0,4.0,1.0,0.0,3.0,2.0,5.0,30.0,5.0,3.0,263.0,7.0,2.0,12.0,3.0,11.0,9.0,3.0,2.0,1.0,0.0,48.0,0.0,1.0,0.0,0.0,4.0,4.0,3.0,0.0,0.0,0.0,0.0,0.0,10.0,5.0,0.0,3.0,24.0,2.0,6.0,25.0,0.0,0.0,1.0,105.0,1.0,0.0,41.0,32.0,1.0,0.0,16.0,0.0,24.0,25.0,6.0,6.0,0.0,8.0,6.0,0.0,0.0,7.0
0.0,0.0,0.0,2.0,1.0,0.0,0.0,0.0,1.0,0.0,68.0,3.0,17.0,0.0,2.0,0.0,5.0,0.0,0.0,0.0,0.0,0.0,0.0,0.0,0.0,0.0,0.0,83.0,0.0,69.0,4.0,87.0,2.0,2.0,7.0,1.0,3.0,1.0,1.0,1.0,3.0,17.0,160.0,10.0,1.0,20.0,709.0,15.0,59.0,2.0,6.0,0.0,1.0,0.0,11.0,0.0,68.0,2.0,1.0,1.0,1.0,3.0,25.0,2.0,0.0,1.0,0.0,0.0,1.0,2.0,2.0,0.0,2.0,5.0,0.0,3.0,0.0,1.0,1.0,0.0,400.0,1.0,0.0,150.0,45.0,1.0,0.0,0.0,0.0,7.0,6.0,1.0,1.0,0.0,5.0,1.0,0.0,1.0,3.0
0.0,0.0,0.0,0.0,0.0,0.0,0.0,0.0,0.0,0.0,96.0,0.0,0.0,0.0,3.0,0.0,0.0,0.0,0.0,0.0,0.0,0.0,0.0,0.0,0.0,0.0,0.0,0.0,0.0,2.0,0.0,0.0,0.0,0.0,0.0,0.0,0.0,0.0,0.0,0.0,0.0,0.0,1.0,0.0,0.0,9.0,16.0,749.0,3.0,0.0,0.0,0.0,0.0,1.0,6.0,0.0,1.0,0.0,0.0,0.0,0.0,0.0,0.0,0.0,0.0,0.0,0.0,9.0,0.0,6.0,0.0,0.0,0.0,1.0,0.0,0.0,0.0,0.0,142.0,0.0,53.0,1.0,0.0,65.0,50.0,0.0,0.0,0.0,0.0,0.0,1.0,1.0,0.0,0.0,0.0,0.0,0.0,0.0,0.0
0.0,0.0,1.0,8.0,2.0,0.0,0.0,0.0,0.0,0.0,18.0,1.0,13.0,0.0,10.0,0.0,1.0,0.0,0.0,0.0,0.0,0.0,0.0,0.0,0.0,0.0,0.0,5.0,0.0,7.0,0.0,57.0,2.0,0.0,11.0,0.0,1.0,1.0,3.0,3.0,4.0,2.0,15.0,3.0,0.0,17.0,5.0,0.0,585.0,1.0,4.0,4.0,0.0,2.0,0.0,0.0,22.0,2.0,0.0,0.0,0.0,3.0,4.0,3.0,0.0,1.0,0.0,0.0,0.0,2.0,0.0,0.0,0.0,2.0,0.0,3.0,3.0,0.0,34.0,0.0,94.0,10.0,0.0,104.0,10.0,0.0,0.0,0.0,0.0,22.0,20.0,3.0,4.0,2.0,2.0,3.0,0.0,0.0,4.0
0.0,0.0,0.0,0.0,0.0,0.0,0.0,0.0,0.0,0.0,1.0,5.0,25.0,0.0,0.0,0.0,5.0,0.0,0.0,0.0,0.0,0.0,0.0,0.0,0.0,0.0,0.0,0.0,0.0,0.0,5.0,0.0,0.0,0.0,15.0,0.0,0.0,0.0,30.0,0.0,5.0,5.0,0.0,15.0,0.0,0.0,0.0,5.0,0.0,25.0,25.0,0.0,0.0,0.0,5.0,0.0,1.0,0.0,0.0,0.0,0.0,0.0,5.0,0.0,0.0,0.0,0.0,0.0,0.0,0.0,0.0,0.0,0.0,0.0,0.0,0.0,2.0,0.0,0.0,0.0,24.0,0.0,0.0,4.0,7.0,0.0,0.0,0.0,0.0,30.0,30.0,0.0,0.0,0.0,0.0,0.0,0.0,0.0,0.0
1.0,0.0,0.0,5.0,6.0,0.0,0.0,12.0,2.0,0.0,22.0,4.0,43.0,3.0,3.0,0.0,25.0,0.0,0.0,0.0,0.0,0.0,0.0,0.0,0.0,0.0,0.0,58.0,0.0,12.0,0.0,30.0,9.0,9.0,31.0,4.0,9.0,3.0,8.0,9.0,3.0,9.0,58.0,25.0,3.0,31.0,16.0,2.0,20.0,6.0,590.0,49.0,9.0,4.0,3.0,0.0,40.0,3.0,2.0,1.0,1.0,6.0,10.0,3.0,0.0,2.0,0.0,0.0,1.0,8.0,7.0,0.0,0.0,20.0,0.0,9.0,12.0,1.0,2.0,0.0,117.0,4.0,0.0,171.0,94.0,3.0,0.0,17.0,0.0,49.0,50.0,5.0,5.0,1.0,14.0,5.0,0.0,2.0,13.0
0.0,0.0,0.0,0.0,0.0,0.0,0.0,0.0,0.0,0.0,3.0,0.0,18.0,0.0,2.0,0.0,0.0,0.0,0.0,0.0,0.0,0.0,0.0,0.0,0.0,0.0,0.0,6.0,0.0,0.0,0.0,0.0,0.0,0.0,1.0,0.0,0.0,0.0,0.0,5.0,0.0,0.0,1.0,2.0,0.0,12.0,0.0,0.0,0.0,0.0,30.0,53.0,0.0,0.0,0.0,0.0,10.0,0.0,6.0,0.0,0.0,0.0,0.0,0.0,0.0,0.0,0.0,0.0,0.0,0.0,0.0,0.0,0.0,0.0,0.0,0.0,0.0,0.0,26.0,0.0,41.0,5.0,0.0,7.0,6.0,0.0,0.0,0.0,0.0,2.0,2.0,0.0,0.0,0.0,0.0,0.0,0.0,0.0,0.0
0.0,0.0,0.0,0.0,0.0,0.0,0.0,0.0,0.0,0.0,14.0,1.0,7.0,1.0,0.0,0.0,1.0,0.0,0.0,0.0,0.0,0.0,0.0,0.0,0.0,0.0,0.0,0.0,0.0,0.0,1.0,0.0,0.0,0.0,5.0,0.0,12.0,0.0,44.0,0.0,1.0,1.0,0.0,5.0,0.0,0.0,0.0,1.0,0.0,0.0,34.0,0.0,171.0,0.0,1.0,0.0,0.0,0.0,0.0,0.0,0.0,0.0,1.0,0.0,0.0,0.0,0.0,0.0,0.0,0.0,0.0,0.0,0.0,0.0,0.0,0.0,0.0,0.0,0.0,0.0,22.0,0.0,0.0,19.0,28.0,0.0,0.0,0.0,0.0,10.0,10.0,0.0,0.0,0.0,0.0,0.0,0.0,0.0,0.0
0.0,0.0,0.0,0.0,0.0,0.0,0.0,0.0,0.0,0.0,5.0,0.0,1.0,0.0,0.0,0.0,0.0,0.0,0.0,0.0,0.0,0.0,0.0,0.0,0.0,0.0,0.0,0.0,0.0,0.0,0.0,0.0,0.0,0.0,0.0,0.0,0.0,0.0,0.0,0.0,0.0,0.0,0.0,0.0,0.0,0.0,0.0,0.0,0.0,0.0,2.0,0.0,0.0,13.0,0.0,0.0,0.0,0.0,10.0,0.0,0.0,0.0,0.0,0.0,0.0,0.0,0.0,0.0,0.0,0.0,0.0,0.0,0.0,0.0,0.0,0.0,2.0,0.0,0.0,0.0,14.0,0.0,0.0,28.0,12.0,0.0,0.0,0.0,0.0,0.0,0.0,0.0,0.0,0.0,0.0,0.0,0.0,0.0,0.0
0.0,0.0,0.0,0.0,0.0,0.0,0.0,0.0,0.0,0.0,17.0,0.0,0.0,0.0,0.0,0.0,0.0,0.0,0.0,0.0,0.0,0.0,0.0,0.0,0.0,0.0,0.0,0.0,0.0,3.0,0.0,0.0,0.0,0.0,0.0,0.0,0.0,0.0,0.0,0.0,0.0,1.0,8.0,4.0,0.0,0.0,15.0,0.0,0.0,0.0,19.0,0.0,0.0,0.0,64.0,0.0,0.0,0.0,0.0,0.0,0.0,0.0,0.0,0.0,0.0,0.0,0.0,0.0,0.0,0.0,0.0,0.0,0.0,0.0,0.0,0.0,0.0,0.0,0.0,0.0,33.0,0.0,0.0,31.0,1.0,0.0,0.0,0.0,0.0,0.0,0.0,0.0,0.0,0.0,0.0,0.0,0.0,0.0,0.0
0.0,0.0,0.0,0.0,0.0,0.0,0.0,0.0,0.0,0.0,0.0,0.0,0.0,1.0,0.0,0.0,0.0,0.0,0.0,0.0,0.0,0.0,0.0,0.0,0.0,0.0,0.0,0.0,0.0,0.0,0.0,25.0,0.0,0.0,0.0,0.0,0.0,0.0,0.0,0.0,0.0,0.0,0.0,0.0,0.0,0.0,0.0,0.0,0.0,0.0,0.0,0.0,0.0,0.0,0.0,42.0,0.0,0.0,0.0,0.0,0.0,0.0,0.0,0.0,0.0,0.0,0.0,0.0,0.0,0.0,0.0,0.0,0.0,0.0,0.0,0.0,0.0,0.0,0.0,0.0,34.0,0.0,0.0,2.0,6.0,0.0,0.0,0.0,0.0,0.0,0.0,0.0,0.0,0.0,0.0,0.0,0.0,0.0,0.0
11.0,0.0,11.0,15.0,42.0,0.0,0.0,21.0,17.0,0.0,104.0,35.0,50.0,18.0,5.0,4.0,178.0,0.0,0.0,0.0,0.0,0.0,0.0,0.0,0.0,0.0,0.0,26.0,0.0,116.0,6.0,202.0,25.0,81.0,47.0,0.0,59.0,16.0,5.0,0.0,32.0,0.0,86.0,8.0,42.0,51.0,24.0,0.0,27.0,22.0,57.0,14.0,0.0,30.0,0.0,0.0,2336.0,15.0,12.0,25.0,13.0,214.0,253.0,59.0,45.0,39.0,7.0,7.0,12.0,234.0,45.0,35.0,12.0,169.0,36.0,228.0,74.0,26.0,19.0,34.0,369.0,6.0,3.0,324.0,427.0,37.0,0.0,123.0,0.0,230.0,232.0,58.0,52.0,2.0,94.0,50.0,0.0,8.0,36.0
0.0,0.0,0.0,0.0,1.0,0.0,0.0,0.0,3.0,0.0,11.0,0.0,3.0,1.0,0.0,1.0,4.0,0.0,0.0,0.0,0.0,0.0,0.0,0.0,0.0,0.0,0.0,0.0,0.0,0.0,0.0,24.0,1.0,0.0,3.0,0.0,2.0,1.0,0.0,0.0,0.0,0.0,37.0,2.0,2.0,2.0,0.0,0.0,22.0,1.0,2.0,0.0,0.0,0.0,0.0,0.0,43.0,46.0,1.0,0.0,0.0,2.0,3.0,2.0,0.0,1.0,0.0,0.0,0.0,3.0,0.0,0.0,0.0,3.0,1.0,2.0,2.0,0.0,0.0,0.0,50.0,0.0,0.0,117.0,22.0,0.0,0.0,0.0,0.0,2.0,2.0,0.0,0.0,0.0,2.0,0.0,0.0,0.0,1.0
0.0,0.0,0.0,0.0,0.0,0.0,0.0,0.0,0.0,0.0,0.0,0.0,0.0,0.0,0.0,0.0,0.0,0.0,0.0,0.0,0.0,0.0,0.0,0.0,0.0,0.0,0.0,0.0,0.0,0.0,0.0,0.0,0.0,0.0,0.0,0.0,0.0,0.0,0.0,0.0,0.0,0.0,1.0,1.0,0.0,0.0,0.0,0.0,0.0,0.0,0.0,0.0,0.0,0.0,0.0,0.0,14.0,0.0,12.0,0.0,0.0,0.0,0.0,0.0,0.0,0.0,0.0,0.0,0.0,0.0,0.0,0.0,0.0,0.0,0.0,0.0,1.0,0.0,0.0,0.0,1.0,0.0,0.0,5.0,0.0,0.0,0.0,0.0,0.0,0.0,0.0,0.0,0.0,0.0,0.0,0.0,0.0,0.0,0.0
0.0,0.0,0.0,0.0,0.0,0.0,0.0,0.0,0.0,0.0,0.0,0.0,7.0,2.0,0.0,0.0,0.0,0.0,0.0,0.0,0.0,0.0,0.0,0.0,0.0,0.0,0.0,0.0,0.0,0.0,0.0,0.0,0.0,0.0,0.0,0.0,0.0,0.0,0.0,0.0,3.0,0.0,0.0,0.0,0.0,0.0,0.0,0.0,0.0,0.0,0.0,0.0,0.0,0.0,0.0,0.0,20.0,0.0,0.0,13.0,0.0,9.0,9.0,7.0,7.0,7.0,0.0,0.0,0.0,7.0,0.0,35.0,0.0,1.0,7.0,6.0,0.0,0.0,0.0,0.0,2.0,0.0,0.0,5.0,5.0,0.0,0.0,0.0,0.0,0.0,0.0,0.0,0.0,0.0,0.0,0.0,0.0,0.0,0.0
0.0,0.0,0.0,1.0,0.0,0.0,0.0,0.0,0.0,0.0,3.0,0.0,0.0,0.0,0.0,0.0,0.0,0.0,0.0,0.0,0.0,0.0,0.0,0.0,0.0,0.0,0.0,0.0,0.0,0.0,0.0,0.0,0.0,9.0,0.0,0.0,0.0,0.0,0.0,0.0,0.0,0.0,1.0,0.0,0.0,0.0,0.0,0.0,0.0,0.0,0.0,0.0,0.0,0.0,0.0,0.0,8.0,0.0,0.0,0.0,2.0,0.0,0.0,0.0,0.0,0.0,0.0,0.0,0.0,0.0,0.0,0.0,0.0,0.0,0.0,0.0,0.0,0.0,0.0,0.0,0.0,0.0,0.0,3.0,0.0,0.0,0.0,0.0,0.0,0.0,0.0,0.0,0.0,0.0,0.0,0.0,0.0,0.0,0.0
0.0,0.0,0.0,0.0,0.0,0.0,0.0,0.0,0.0,0.0,33.0,0.0,8.0,12.0,0.0,0.0,0.0,0.0,0.0,0.0,0.0,0.0,0.0,0.0,0.0,0.0,0.0,0.0,0.0,5.0,0.0,4.0,2.0,0.0,4.0,0.0,2.0,0.0,0.0,0.0,2.0,2.0,3.0,4.0,0.0,1.0,0.0,0.0,4.0,0.0,2.0,0.0,0.0,0.0,0.0,0.0,182.0,2.0,0.0,16.0,0.0,485.0,156.0,22.0,13.0,15.0,0.0,0.0,0.0,40.0,1.0,35.0,2.0,5.0,13.0,58.0,9.0,0.0,0.0,3.0,91.0,0.0,0.0,132.0,78.0,3.0,0.0,2.0,0.0,3.0,3.0,1.0,1.0,1.0,2.0,1.0,0.0,0.0,1.0
0.0,0.0,0.0,0.0,0.0,0.0,0.0,0.0,0.0,0.0,50.0,0.0,9.0,14.0,0.0,0.0,0.0,0.0,0.0,0.0,0.0,0.0,0.0,0.0,0.0,0.0,0.0,0.0,0.0,2.0,0.0,11.0,2.0,0.0,4.0,0.0,2.0,0.0,0.0,0.0,2.0,2.0,9.0,4.0,0.0,1.0,0.0,0.0,4.0,0.0,2.0,0.0,0.0,0.0,0.0,0.0,203.0,2.0,0.0,16.0,0.0,149.0,900.0,19.0,10.0,16.0,46.0,0.0,0.0,38.0,1.0,35.0,4.0,6.0,8.0,58.0,4.0,0.0,0.0,4.0,202.0,0.0,0.0,173.0,87.0,4.0,0.0,2.0,0.0,3.0,3.0,1.0,1.0,1.0,3.0,1.0,0.0,0.0,1.0
0.0,0.0,0.0,0.0,0.0,0.0,0.0,0.0,0.0,0.0,15.0,0.0,8.0,0.0,0.0,0.0,0.0,0.0,0.0,0.0,0.0,0.0,0.0,0.0,0.0,0.0,0.0,0.0,0.0,2.0,0.0,2.0,1.0,0.0,3.0,0.0,0.0,0.0,0.0,0.0,0.0,0.0,3.0,4.0,0.0,1.0,0.0,0.0,2.0,0.0,1.0,0.0,0.0,0.0,0.0,0.0,118.0,1.0,0.0,7.0,0.0,8.0,9.0,187.0,8.0,13.0,0.0,0.0,0.0,7.0,0.0,73.0,0.0,1.0,8.0,8.0,3.0,0.0,0.0,1.0,63.0,0.0,0.0,107.0,19.0,2.0,0.0,0.0,0.0,3.0,3.0,1.0,1.0,0.0,3.0,1.0,0.0,0.0,1.0
0.0,0.0,0.0,0.0,0.0,0.0,2.0,0.0,0.0,0.0,1.0,0.0,7.0,0.0,0.0,0.0,0.0,0.0,0.0,0.0,0.0,0.0,0.0,0.0,0.0,0.0,0.0,0.0,0.0,0.0,0.0,0.0,0.0,0.0,0.0,0.0,0.0,0.0,0.0,0.0,0.0,0.0,0.0,0.0,0.0,0.0,0.0,0.0,0.0,0.0,0.0,0.0,0.0,0.0,0.0,0.0,41.0,0.0,0.0,7.0,0.0,5.0,5.0,12.0,27.0,10.0,0.0,0.0,0.0,6.0,0.0,35.0,0.0,3.0,7.0,5.0,0.0,0.0,0.0,3.0,1.0,0.0,0.0,17.0,24.0,3.0,0.0,0.0,0.0,0.0,0.0,0.0,0.0,0.0,3.0,0.0,0.0,0.0,0.0
0.0,0.0,0.0,0.0,0.0,0.0,0.0,0.0,0.0,0.0,15.0,0.0,8.0,0.0,0.0,0.0,0.0,0.0,0.0,0.0,0.0,0.0,0.0,0.0,0.0,0.0,0.0,0.0,0.0,0.0,0.0,0.0,0.0,0.0,3.0,0.0,0.0,0.0,0.0,0.0,0.0,0.0,1.0,2.0,0.0,0.0,0.0,0.0,2.0,0.0,1.0,0.0,0.0,0.0,0.0,0.0,47.0,1.0,0.0,7.0,0.0,8.0,9.0,13.0,8.0,114.0,0.0,0.0,1.0,2.0,0.0,52.0,0.0,2.0,7.0,8.0,0.0,1.0,0.0,1.0,80.0,0.0,0.0,100.0,34.0,2.0,0.0,0.0,0.0,2.0,2.0,0.0,0.0,0.0,1.0,0.0,0.0,0.0,0.0
0.0,0.0,0.0,0.0,0.0,0.0,0.0,0.0,0.0,0.0,18.0,0.0,0.0,0.0,0.0,0.0,0.0,0.0,0.0,0.0,0.0,0.0,0.0,0.0,0.0,0.0,0.0,0.0,0.0,5.0,0.0,0.0,0.0,0.0,0.0,0.0,0.0,0.0,0.0,0.0,0.0,0.0,0.0,0.0,0.0,0.0,0.0,0.0,0.0,0.0,0.0,0.0,0.0,0.0,0.0,0.0,81.0,0.0,0.0,0.0,0.0,1.0,6.0,1.0,0.0,1.0,239.0,0.0,0.0,0.0,0.0,0.0,6.0,2.0,0.0,25.0,0.0,0.0,2.0,0.0,77.0,0.0,1.0,20.0,47.0,0.0,0.0,0.0,0.0,10.0,8.0,2.0,0.0,0.0,0.0,0.0,0.0,0.0,0.0
0.0,0.0,0.0,116.0,0.0,0.0,0.0,0.0,1.0,0.0,43.0,1.0,1.0,0.0,0.0,0.0,3.0,0.0,0.0,0.0,0.0,0.0,0.0,0.0,0.0,0.0,0.0,3.0,0.0,2.0,0.0,4.0,1.0,458.0,2.0,1.0,2.0,1.0,1.0,1.0,1.0,1.0,117.0,1.0,1.0,1.0,6.0,1.0,0.0,1.0,4.0,0.0,1.0,0.0,1.0,0.0,154.0,1.0,1.0,1.0,115.0,1.0,3.0,0.0,0.0,1.0,0.0,393.0,1.0,39.0,4.0,0.0,0.0,3.0,0.0,1.0,0.0,1.0,1.0,0.0,60.0,0.0,0.0,54.0,24.0,1.0,0.0,0.0,0.0,3.0,2.0,0.0,0.0,0.0,47.0,0.0,0.0,1.0,2.0
0.0,0.0,0.0,0.0,0.0,0.0,0.0,0.0,0.0,0.0,1.0,0.0,7.0,0.0,0.0,0.0,0.0,0.0,0.0,0.0,0.0,0.0,0.0,0.0,0.0,0.0,0.0,0.0,0.0,0.0,0.0,0.0,0.0,0.0,0.0,0.0,0.0,0.0,0.0,0.0,0.0,0.0,0.0,0.0,0.0,0.0,0.0,0.0,0.0,0.0,0.0,0.0,0.0,0.0,0.0,0.0,9.0,0.0,0.0,7.0,0.0,0.0,0.0,42.0,7.0,7.0,0.0,0.0,17.0,0.0,0.0,35.0,0.0,0.0,7.0,0.0,0.0,0.0,0.0,0.0,1.0,0.0,0.0,22.0,0.0,0.0,0.0,0.0,0.0,0.0,0.0,0.0,0.0,0.0,0.0,0.0,0.0,0.0,0.0
2.0,0.0,2.0,145.0,3.0,0.0,0.0,0.0,3.0,0.0,36.0,0.0,11.0,6.0,0.0,1.0,45.0,0.0,0.0,0.0,0.0,0.0,0.0,0.0,0.0,0.0,0.0,6.0,0.0,3.0,3.0,34.0,8.0,582.0,7.0,0.0,7.0,1.0,0.0,0.0,3.0,2.0,179.0,2.0,4.0,6.0,7.0,2.0,10.0,3.0,9.0,4.0,0.0,4.0,0.0,0.0,297.0,6.0,2.0,13.0,145.0,50.0,50.0,18.0,20.0,11.0,0.0,31.0,8.0,753.0,4.0,35.0,0.0,21.0,19.0,40.0,18.0,8.0,0.0,7.0,90.0,3.0,0.0,138.0,105.0,4.0,0.0,8.0,0.0,20.0,19.0,5.0,4.0,0.0,111.0,4.0,0.0,1.0,9.0
0.0,0.0,6.0,78.0,1.0,0.0,0.0,0.0,3.0,0.0,23.0,0.0,12.0,3.0,0.0,1.0,4.0,0.0,0.0,0.0,0.0,0.0,0.0,0.0,0.0,0.0,0.0,0.0,0.0,10.0,0.0,9.0,9.0,323.0,0.0,0.0,2.0,3.0,4.0,0.0,2.0,0.0,80.0,0.0,2.0,4.0,0.0,0.0,3.0,1.0,1.0,0.0,0.0,0.0,0.0,0.0,228.0,0.0,1.0,12.0,84.0,31.0,31.0,15.0,8.0,11.0,0.0,26.0,0.0,41.0,491.0,35.0,2.0,18.0,10.0,59.0,4.0,0.0,0.0,0.0,58.0,4.0,0.0,50.0,50.0,0.0,0.0,12.0,0.0,22.0,18.0,2.0,2.0,0.0,80.0,2.0,0.0,0.0,1.0
0.0,0.0,0.0,0.0,0.0,0.0,0.0,0.0,0.0,0.0,0.0,0.0,35.0,0.0,0.0,0.0,0.0,0.0,0.0,0.0,0.0,0.0,0.0,0.0,0.0,0.0,0.0,0.0,0.0,0.0,0.0,0.0,0.0,0.0,0.0,0.0,0.0,0.0,0.0,0.0,0.0,0.0,0.0,0.0,0.0,0.0,0.0,0.0,0.0,0.0,0.0,0.0,0.0,0.0,0.0,0.0,0.0,0.0,0.0,35.0,0.0,0.0,0.0,35.0,35.0,35.0,0.0,0.0,0.0,0.0,0.0,202.0,0.0,0.0,35.0,0.0,0.0,0.0,0.0,0.0,2.0,0.0,0.0,2.0,0.0,0.0,0.0,0.0,0.0,0.0,0.0,0.0,0.0,0.0,0.0,0.0,0.0,0.0,0.0
0.0,0.0,7.0,0.0,0.0,0.0,0.0,0.0,0.0,0.0,2.0,0.0,3.0,0.0,0.0,0.0,0.0,0.0,0.0,0.0,0.0,0.0,0.0,0.0,0.0,0.0,0.0,2.0,0.0,17.0,0.0,3.0,0.0,14.0,2.0,0.0,0.0,0.0,0.0,0.0,0.0,0.0,0.0,0.0,0.0,3.0,1.0,0.0,0.0,0.0,0.0,0.0,0.0,0.0,0.0,0.0,5.0,0.0,0.0,0.0,0.0,0.0,0.0,0.0,0.0,0.0,0.0,0.0,0.0,0.0,3.0,0.0,53.0,9.0,0.0,3.0,4.0,0.0,0.0,0.0,30.0,0.0,0.0,24.0,13.0,0.0,0.0,12.0,0.0,15.0,15.0,3.0,3.0,0.0,3.0,3.0,0.0,0.0,0.0
0.0,0.0,18.0,0.0,0.0,0.0,0.0,0.0,0.0,0.0,16.0,6.0,8.0,3.0,5.0,0.0,0.0,0.0,0.0,0.0,0.0,0.0,0.0,0.0,0.0,0.0,0.0,20.0,0.0,25.0,0.0,14.0,0.0,33.0,0.0,0.0,0.0,0.0,0.0,0.0,0.0,0.0,2.0,2.0,3.0,6.0,0.0,0.0,1.0,0.0,0.0,0.0,0.0,0.0,0.0,0.0,145.0,0.0,0.0,0.0,0.0,4.0,5.0,2.0,1.0,1.0,0.0,0.0,0.0,4.0,6.0,0.0,6.0,210.0,0.0,11.0,7.0,0.0,0.0,1.0,85.0,0.0,0.0,98.0,70.0,1.0,0.0,24.0,0.0,30.0,30.0,6.0,6.0,0.0,7.0,6.0,0.0,0.0,0.0
0.0,0.0,0.0,0.0,0.0,0.0,0.0,0.0,0.0,0.0,0.0,0.0,7.0,0.0,0.0,0.0,0.0,0.0,0.0,0.0,0.0,0.0,0.0,0.0,0.0,0.0,0.0,0.0,0.0,0.0,0.0,2.0,1.0,0.0,0.0,0.0,0.0,0.0,0.0,0.0,0.0,0.0,0.0,0.0,0.0,1.0,0.0,0.0,0.0,0.0,0.0,0.0,0.0,0.0,0.0,0.0,14.0,0.0,0.0,7.0,0.0,1.0,1.0,8.0,7.0,7.0,0.0,0.0,0.0,1.0,0.0,35.0,0.0,0.0,13.0,1.0,2.0,0.0,0.0,0.0,0.0,0.0,0.0,3.0,0.0,1.0,0.0,0.0,0.0,1.0,1.0,1.0,1.0,0.0,0.0,1.0,0.0,0.0,1.0
0.0,0.0,7.0,5.0,8.0,0.0,0.0,0.0,2.0,0.0,107.0,0.0,4.0,35.0,0.0,0.0,0.0,0.0,0.0,0.0,0.0,0.0,0.0,0.0,0.0,0.0,0.0,1.0,1.0,24.0,2.0,12.0,3.0,14.0,0.0,0.0,4.0,1.0,1.0,0.0,4.0,1.0,3.0,3.0,0.0,14.0,0.0,0.0,4.0,0.0,0.0,1.0,0.0,0.0,0.0,0.0,320.0,4.0,0.0,6.0,0.0,60.0,63.0,12.0,10.0,7.0,6.0,0.0,4.0,42.0,5.0,0.0,12.0,26.0,9.0,2159.0,7.0,4.0,1.0,8.0,101.0,0.0,3.0,296.0,124.0,4.0,0.0,16.0,0.0,19.0,19.0,5.0,5.0,3.0,9.0,5.0,0.0,0.0,1.0
1.0,0.0,10.0,0.0,2.0,0.0,0.0,0.0,3.0,0.0,3.0,0.0,5.0,0.0,0.0,1.0,22.0,0.0,0.0,0.0,0.0,0.0,0.0,0.0,0.0,0.0,0.0,12.0,0.0,17.0,0.0,18.0,3.0,20.0,1.0,0.0,4.0,1.0,0.0,0.0,0.0,0.0,3.0,0.0,3.0,10.0,0.0,0.0,3.0,2.0,3.0,0.0,0.0,2.0,0.0,0.0,51.0,0.0,1.0,0.0,0.0,4.0,4.0,3.0,0.0,0.0,0.0,0.0,0.0,10.0,4.0,0.0,2.0,14.0,2.0,5.0,62.0,0.0,0.0,1.0,23.0,0.0,0.0,42.0,20.0,1.0,0.0,12.0,0.0,17.0,18.0,4.0,4.0,0.0,7.0,4.0,0.0,0.0,3.0
0.0,0.0,0.0,0.0,0.0,0.0,0.0,0.0,0.0,0.0,5.0,0.0,7.0,0.0,0.0,0.0,0.0,0.0,0.0,0.0,0.0,0.0,0.0,0.0,0.0,0.0,0.0,0.0,0.0,0.0,0.0,0.0,0.0,0.0,0.0,0.0,0.0,0.0,0.0,0.0,0.0,0.0,0.0,0.0,0.0,0.0,0.0,0.0,0.0,0.0,0.0,0.0,0.0,0.0,0.0,0.0,13.0,0.0,0.0,7.0,0.0,0.0,0.0,40.0,7.0,7.0,0.0,0.0,0.0,0.0,0.0,48.0,0.0,0.0,7.0,0.0,0.0,33.0,0.0,0.0,1.0,0.0,0.0,30.0,1.0,0.0,0.0,0.0,0.0,0.0,0.0,0.0,0.0,0.0,0.0,0.0,0.0,0.0,0.0
0.0,0.0,0.0,0.0,0.0,0.0,0.0,0.0,0.0,0.0,74.0,0.0,29.0,18.0,10.0,0.0,1.0,0.0,0.0,0.0,0.0,0.0,0.0,0.0,0.0,1.0,1.0,2.0,0.0,23.0,0.0,10.0,0.0,0.0,42.0,0.0,0.0,0.0,0.0,0.0,44.0,0.0,8.0,0.0,0.0,1.0,0.0,0.0,4.0,0.0,1.0,0.0,0.0,0.0,0.0,0.0,243.0,0.0,0.0,0.0,0.0,0.0,4.0,0.0,0.0,0.0,2.0,4.0,0.0,21.0,0.0,0.0,4.0,2.0,0.0,0.0,0.0,0.0,233.0,0.0,191.0,0.0,0.0,113.0,48.0,2.0,0.0,0.0,0.0,67.0,46.0,2.0,0.0,0.0,2.0,0.0,0.0,0.0,19.0
2.0,0.0,0.0,0.0,2.0,0.0,0.0,0.0,0.0,0.0,15.0,0.0,2.0,3.0,0.0,0.0,0.0,0.0,0.0,0.0,0.0,0.0,0.0,0.0,0.0,0.0,0.0,0.0,0.0,10.0,0.0,16.0,2.0,0.0,4.0,0.0,6.0,0.0,0.0,0.0,0.0,0.0,4.0,0.0,2.0,2.0,2.0,0.0,0.0,2.0,8.0,0.0,0.0,4.0,0.0,0.0,84.0,0.0,2.0,0.0,0.0,7.0,7.0,3.0,2.0,1.0,0.0,0.0,0.0,9.0,2.0,0.0,2.0,8.0,0.0,5.0,5.0,0.0,0.0,374.0,28.0,0.0,0.0,34.0,27.0,3.0,0.0,9.0,0.0,13.0,15.0,8.0,3.0,0.0,7.0,3.0,0.0,2.0,2.0
1.0,0.0,23.0,10.0,15.0,0.0,0.0,0.0,12.0,0.0,49.0,9.0,129.0,9.0,21.0,2.0,18.0,0.0,0.0,0.0,0.0,0.0,0.0,0.0,0.0,0.0,0.0,16.0,4.0,52.0,0.0,61.0,6.0,51.0,6.0,2.0,12.0,5.0,3.0,2.0,8.0,10.0,52.0,28.0,7.0,19.0,14.0,2.0,19.0,5.0,15.0,1.0,3.0,5.0,2.0,0.0,118.0,2.0,5.0,2.0,2.0,14.0,20.0,2.0,0.0,2.0,0.0,0.0,2.0,12.0,13.0,0.0,8.0,55.0,2.0,24.0,27.0,2.0,35.0,3.0,1947.0,2.0,1.0,208.0,139.0,3.0,0.0,40.0,0.0,72.0,71.0,9.0,9.0,1.0,23.0,9.0,0.0,3.0,8.0
0.0,0.0,0.0,0.0,1.0,0.0,0.0,0.0,0.0,0.0,2.0,0.0,39.0,0.0,0.0,0.0,16.0,0.0,0.0,0.0,0.0,0.0,0.0,0.0,0.0,0.0,0.0,2.0,0.0,2.0,0.0,7.0,1.0,3.0,7.0,0.0,2.0,1.0,0.0,7.0,4.0,4.0,5.0,0.0,1.0,20.0,7.0,0.0,7.0,1.0,5.0,4.0,0.0,2.0,0.0,0.0,5.0,0.0,0.0,0.0,0.0,1.0,5.0,0.0,0.0,0.0,0.0,0.0,0.0,2.0,2.0,0.0,0.0,9.0,0.0,2.0,3.0,0.0,1.0,0.0,23.0,38.0,0.0,7.0,3.0,1.0,0.0,5.0,0.0,17.0,16.0,5.0,5.0,0.0,4.0,5.0,0.0,0.0,3.0
0.0,0.0,0.0,0.0,0.0,0.0,0.0,0.0,0.0,0.0,11.0,0.0,4.0,0.0,0.0,0.0,0.0,0.0,0.0,0.0,0.0,0.0,0.0,0.0,0.0,0.0,0.0,0.0,14.0,1.0,0.0,5.0,0.0,0.0,0.0,0.0,0.0,0.0,0.0,0.0,5.0,0.0,0.0,0.0,0.0,0.0,0.0,0.0,0.0,0.0,0.0,0.0,0.0,0.0,0.0,0.0,10.0,0.0,0.0,0.0,0.0,0.0,0.0,0.0,0.0,0.0,0.0,0.0,0.0,0.0,0.0,0.0,0.0,0.0,0.0,5.0,2.0,0.0,1.0,0.0,62.0,0.0,117.0,34.0,30.0,0.0,0.0,0.0,0.0,0.0,0.0,0.0,0.0,0.0,0.0,0.0,0.0,0.0,0.0
0.0,0.0,0.0,2.0,1.0,0.0,0.0,0.0,1.0,0.0,12.0,1.0,4.0,3.0,2.0,0.0,19.0,0.0,0.0,0.0,0.0,0.0,0.0,0.0,0.0,0.0,0.0,7.0,0.0,5.0,0.0,45.0,2.0,3.0,5.0,1.0,4.0,2.0,1.0,1.0,2.0,2.0,6.0,2.0,2.0,4.0,9.0,1.0,0.0,2.0,7.0,0.0,1.0,2.0,1.0,0.0,15.0,3.0,1.0,1.0,1.0,4.0,7.0,0.0,2.0,1.0,0.0,4.0,3.0,8.0,4.0,0.0,0.0,7.0,2.0,5.0,12.0,3.0,2.0,2.0,26.0,0.0,0.0,342.0,26.0,3.0,0.0,7.0,0.0,10.0,10.0,2.0,1.0,0.0,9.0,1.0,0.0,1.0,3.0
2.0,0.0,18.0,0.0,2.0,0.0,11.0,0.0,0.0,0.0,36.0,0.0,35.0,15.0,12.0,0.0,0.0,0.0,0.0,0.0,0.0,0.0,0.0,0.0,0.0,0.0,0.0,11.0,0.0,63.0,0.0,28.0,3.0,33.0,4.0,0.0,6.0,0.0,0.0,0.0,11.0,7.0,24.0,20.0,2.0,11.0,2.0,0.0,1.0,2.0,8.0,0.0,0.0,4.0,0.0,0.0,182.0,0.0,2.0,24.0,0.0,32.0,46.0,34.0,45.0,28.0,4.0,0.0,0.0,47.0,8.0,105.0,6.0,37.0,25.0,52.0,10.0,0.0,8.0,5.0,243.0,0.0,0.0,113.0,1528.0,6.0,0.0,32.0,0.0,50.0,51.0,12.0,13.0,0.0,13.0,12.0,0.0,2.0,3.0
0.0,0.0,0.0,0.0,2.0,0.0,0.0,0.0,0.0,0.0,2.0,0.0,3.0,0.0,0.0,0.0,17.0,0.0,0.0,0.0,0.0,0.0,0.0,0.0,0.0,0.0,0.0,2.0,0.0,5.0,0.0,21.0,4.0,1.0,8.0,0.0,6.0,2.0,1.0,1.0,1.0,1.0,4.0,0.0,1.0,6.0,7.0,0.0,2.0,3.0,6.0,1.0,0.0,2.0,0.0,0.0,64.0,1.0,0.0,0.0,0.0,7.0,8.0,5.0,1.0,2.0,0.0,0.0,0.0,8.0,2.0,0.0,0.0,6.0,2.0,8.0,5.0,0.0,1.0,3.0,18.0,1.0,0.0,9.0,12.0,146.0,0.0,22.0,0.0,48.0,48.0,20.0,20.0,0.0,12.0,20.0,0.0,0.0,5.0
0.0,0.0,0.0,0.0,0.0,0.0,0.0,0.0,0.0,0.0,0.0,0.0,0.0,0.0,0.0,0.0,0.0,0.0,0.0,0.0,0.0,0.0,0.0,0.0,0.0,0.0,0.0,0.0,0.0,0.0,0.0,0.0,0.0,0.0,0.0,0.0,0.0,0.0,0.0,0.0,0.0,0.0,1.0,0.0,0.0,0.0,0.0,0.0,0.0,0.0,0.0,0.0,0.0,0.0,0.0,0.0,0.0,0.0,0.0,0.0,0.0,0.0,0.0,0.0,0.0,0.0,0.0,0.0,0.0,0.0,0.0,0.0,0.0,0.0,0.0,0.0,0.0,0.0,0.0,0.0,0.0,0.0,0.0,0.0,1.0,0.0,0.0,1.0,0.0,0.0,0.0,0.0,0.0,0.0,0.0,0.0,0.0,0.0,0.0
1.0,0.0,24.0,8.0,2.0,0.0,0.0,3.0,6.0,0.0,61.0,3.0,22.0,8.0,0.0,1.0,16.0,0.0,0.0,0.0,0.0,0.0,0.0,0.0,0.0,0.0,0.0,21.0,0.0,51.0,0.0,51.0,5.0,50.0,8.0,3.0,15.0,6.0,8.0,3.0,6.0,3.0,197.0,45.0,6.0,15.0,19.0,3.0,5.0,7.0,21.0,3.0,3.0,2.0,3.0,0.0,70.0,3.0,5.0,3.0,3.0,5.0,20.0,1.0,0.0,3.0,4.0,0.0,3.0,11.0,16.0,0.0,8.0,45.0,1.0,14.0,18.0,3.0,8.0,2.0,189.0,4.0,0.0,147.0,104.0,11.0,0.0,528.0,0.0,132.0,130.0,28.0,16.0,9.0,31.0,16.0,0.0,4.0,10.0
0.0,0.0,0.0,0.0,0.0,0.0,0.0,0.0,0.0,0.0,10.0,0.0,0.0,0.0,0.0,0.0,0.0,0.0,0.0,0.0,0.0,0.0,0.0,0.0,0.0,0.0,0.0,0.0,0.0,0.0,0.0,0.0,0.0,0.0,0.0,0.0,0.0,0.0,0.0,0.0,0.0,0.0,0.0,0.0,0.0,0.0,0.0,0.0,0.0,0.0,0.0,0.0,0.0,0.0,0.0,0.0,0.0,0.0,0.0,0.0,0.0,0.0,0.0,0.0,0.0,0.0,0.0,0.0,0.0,0.0,0.0,0.0,0.0,0.0,0.0,0.0,0.0,0.0,0.0,0.0,1.0,0.0,0.0,12.0,0.0,0.0,0.0,0.0,0.0,1.0,0.0,0.0,0.0,0.0,0.0,0.0,0.0,0.0,0.0
0.0,0.0,30.0,6.0,2.0,0.0,0.0,0.0,0.0,0.0,131.0,0.0,22.0,13.0,4.0,0.0,16.0,0.0,0.0,0.0,0.0,0.0,0.0,0.0,0.0,0.0,0.0,4.0,0.0,55.0,0.0,58.0,3.0,56.0,7.0,0.0,16.0,8.0,10.0,1.0,5.0,20.0,75.0,69.0,1.0,17.0,7.0,0.0,6.0,7.0,16.0,4.0,5.0,2.0,5.0,0.0,117.0,1.0,0.0,0.0,0.0,7.0,15.0,3.0,3.0,0.0,3.0,0.0,3.0,12.0,12.0,0.0,10.0,35.0,4.0,19.0,10.0,3.0,55.0,1.0,313.0,3.0,0.0,189.0,122.0,9.0,0.0,345.0,0.0,1465.0,215.0,32.0,23.0,3.0,19.0,22.0,0.0,0.0,3.0
0.0,0.0,30.0,2.0,1.0,0.0,0.0,0.0,0.0,0.0,119.0,0.0,19.0,39.0,4.0,0.0,0.0,0.0,0.0,0.0,0.0,0.0,0.0,0.0,0.0,0.0,0.0,0.0,0.0,49.0,0.0,26.0,2.0,55.0,3.0,0.0,0.0,0.0,1.0,0.0,0.0,0.0,2.0,0.0,0.0,14.0,3.0,0.0,2.0,1.0,4.0,1.0,0.0,0.0,0.0,0.0,70.0,1.0,0.0,0.0,0.0,3.0,7.0,3.0,0.0,0.0,2.0,0.0,0.0,1.0,10.0,0.0,10.0,33.0,1.0,13.0,8.0,0.0,51.0,0.0,187.0,2.0,0.0,167.0,97.0,10.0,0.0,292.0,0.0,193.0,1173.0,30.0,15.0,1.0,12.0,15.0,0.0,0.0,2.0
0.0,0.0,6.0,0.0,0.0,0.0,0.0,0.0,0.0,0.0,8.0,0.0,4.0,0.0,0.0,0.0,0.0,0.0,0.0,0.0,0.0,0.0,0.0,0.0,0.0,0.0,0.0,0.0,0.0,10.0,0.0,5.0,1.0,11.0,0.0,0.0,0.0,0.0,0.0,0.0,0.0,0.0,0.0,0.0,0.0,3.0,0.0,0.0,0.0,0.0,0.0,0.0,0.0,0.0,0.0,0.0,9.0,0.0,0.0,0.0,0.0,1.0,1.0,1.0,0.0,0.0,0.0,0.0,0.0,1.0,2.0,0.0,2.0,6.0,1.0,3.0,2.0,0.0,0.0,0.0,25.0,0.0,0.0,12.0,14.0,3.0,0.0,29.0,0.0,11.0,11.0,87.0,3.0,1.0,2.0,3.0,0.0,0.0,1.0
0.0,0.0,6.0,0.0,1.0,0.0,0.0,0.0,0.0,0.0,8.0,0.0,4.0,0.0,0.0,0.0,0.0,0.0,0.0,0.0,0.0,0.0,0.0,0.0,0.0,0.0,0.0,0.0,0.0,11.0,0.0,10.0,2.0,11.0,3.0,0.0,0.0,0.0,0.0,0.0,0.0,0.0,2.0,0.0,0.0,4.0,3.0,0.0,1.0,1.0,2.0,0.0,0.0,0.0,0.0,0.0,11.0,1.0,0.0,0.0,0.0,3.0,3.0,3.0,0.0,0.0,0.0,0.0,0.0,1.0,2.0,0.0,2.0,6.0,1.0,5.0,2.0,0.0,0.0,0.0,11.0,0.0,0.0,17.0,14.0,3.0,0.0,70.0,0.0,15.0,15.0,4.0,50.0,0.0,4.0,4.0,0.0,0.0,2.0
0.0,0.0,0.0,2.0,0.0,0.0,0.0,0.0,0.0,0.0,2.0,0.0,2.0,0.0,2.0,0.0,0.0,0.0,0.0,0.0,0.0,0.0,0.0,0.0,0.0,0.0,0.0,0.0,0.0,1.0,0.0,2.0,0.0,0.0,2.0,0.0,0.0,0.0,1.0,0.0,0.0,0.0,1.0,0.0,0.0,1.0,0.0,0.0,1.0,0.0,1.0,5.0,0.0,0.0,0.0,0.0,10.0,0.0,0.0,0.0,0.0,0.0,0.0,0.0,0.0,0.0,0.0,0.0,0.0,0.0,0.0,0.0,0.0,0.0,0.0,0.0,0.0,0.0,25.0,0.0,18.0,0.0,0.0,6.0,3.0,0.0,0.0,4.0,0.0,5.0,6.0,0.0,0.0,21.0,2.0,0.0,0.0,0.0,0.0
0.0,1.0,6.0,181.0,2.0,0.0,0.0,0.0,1.0,0.0,35.0,0.0,4.0,5.0,0.0,0.0,16.0,0.0,0.0,0.0,0.0,0.0,0.0,0.0,0.0,0.0,0.0,2.0,0.0,13.0,0.0,19.0,8.0,736.0,5.0,0.0,4.0,3.0,2.0,0.0,4.0,0.0,195.0,12.0,1.0,5.0,6.0,0.0,1.0,2.0,4.0,0.0,0.0,2.0,0.0,0.0,269.0,1.0,0.0,0.0,181.0,4.0,5.0,4.0,1.0,1.0,0.0,1.0,0.0,11.0,19.0,0.0,2.0,24.0,0.0,7.0,8.0,0.0,1.0,2.0,142.0,0.0,0.0,77.0,65.0,20.0,0.0,34.0,0.0,49.0,46.0,17.0,17.0,0.0,498.0,17.0,0.0,0.0,2.0
0.0,0.0,6.0,0.0,0.0,0.0,0.0,0.0,0.0,0.0,9.0,0.0,2.0,2.0,0.0,0.0,0.0,0.0,0.0,0.0,0.0,0.0,0.0,0.0,0.0,0.0,0.0,0.0,0.0,8.0,0.0,4.0,1.0,11.0,1.0,0.0,0.0,0.0,0.0,0.0,0.0,0.0,0.0,0.0,0.0,3.0,0.0,0.0,0.0,0.0,0.0,0.0,0.0,0.0,0.0,0.0,26.0,0.0,0.0,0.0,0.0,3.0,3.0,1.0,0.0,0.0,0.0,0.0,0.0,2.0,2.0,0.0,2.0,7.0,1.0,5.0,2.0,0.0,0.0,0.0,22.0,0.0,0.0,17.0,9.0,3.0,0.0,38.0,0.0,11.0,11.0,3.0,3.0,0.0,2.0,93.0,0.0,0.0,1.0
0.0,0.0,0.0,0.0,0.0,0.0,0.0,0.0,0.0,0.0,0.0,0.0,0.0,0.0,0.0,0.0,0.0,0.0,0.0,0.0,0.0,0.0,0.0,0.0,0.0,0.0,0.0,0.0,0.0,0.0,0.0,0.0,0.0,0.0,0.0,0.0,0.0,0.0,0.0,0.0,0.0,0.0,0.0,0.0,0.0,0.0,0.0,0.0,0.0,0.0,0.0,0.0,0.0,0.0,0.0,0.0,0.0,0.0,0.0,0.0,0.0,0.0,0.0,0.0,0.0,0.0,0.0,0.0,0.0,0.0,0.0,0.0,0.0,0.0,0.0,0.0,0.0,0.0,0.0,0.0,0.0,0.0,0.0,2.0,1.0,0.0,0.0,0.0,0.0,0.0,0.0,0.0,0.0,0.0,0.0,0.0,2.0,0.0,0.0
1.0,0.0,0.0,0.0,1.0,0.0,0.0,0.0,0.0,0.0,0.0,0.0,1.0,0.0,0.0,0.0,0.0,0.0,0.0,0.0,0.0,0.0,0.0,0.0,0.0,0.0,0.0,4.0,0.0,3.0,0.0,8.0,1.0,0.0,2.0,0.0,3.0,0.0,0.0,0.0,0.0,0.0,2.0,0.0,1.0,1.0,1.0,0.0,0.0,1.0,4.0,0.0,0.0,2.0,0.0,0.0,10.0,0.0,1.0,0.0,0.0,1.0,1.0,0.0,0.0,0.0,0.0,0.0,0.0,2.0,1.0,0.0,0.0,3.0,0.0,0.0,2.0,0.0,0.0,0.0,8.0,0.0,0.0,5.0,4.0,1.0,0.0,4.0,0.0,6.0,7.0,1.0,1.0,0.0,3.0,1.0,0.0,16.0,1.0
0.0,0.0,7.0,2.0,4.0,0.0,0.0,3.0,2.0,0.0,11.0,4.0,1.0,0.0,6.0,0.0,40.0,0.0,0.0,0.0,0.0,0.0,0.0,0.0,0.0,0.0,0.0,6.0,0.0,1.0,0.0,14.0,11.0,3.0,13.0,6.0,0.0,0.0,1.0,0.0,1.0,9.0,41.0,5.0,0.0,15.0,19.0,5.0,12.0,2.0,9.0,13.0,2.0,0.0,2.0,0.0,10.0,0.0,0.0,0.0,0.0,1.0,1.0,1.0,0.0,0.0,0.0,0.0,0.0,7.0,0.0,0.0,0.0,0.0,1.0,2.0,3.0,0.0,1.0,0.0,134.0,4.0,0.0,32.0,9.0,5.0,0.0,0.0,0.0,11.0,7.0,1.0,1.0,1.0,0.0,1.0,0.0,5.0,270.0
