33.0,0.0,0.0,0.0,0.0,1.0,0.0,0.0,0.0,0.0,2.0,0.0,0.0,1.0,0.0,0.0,14.0,0.0,0.0,0.0,0.0,0.0,0.0,0.0,1.0,0.0,0.0,0.0,24.0,0.0,0.0,0.0,8.0,1.0,1.0,1.0,0.0,0.0,0.0,0.0,0.0,1.0,1.0,0.0,1.0,3.0,0.0,0.0,0.0,0.0,0.0,9.0,0.0,1.0,1.0,2.0,0.0,0.0,0.0,0.0,1.0,0.0,0.0,0.0,1.0,2.0,2.0,3.0,0.0,0.0,0.0,19.0,1.0,0.0,0.0,0.0,2.0,2.0,1.0,0.0,0.0,0.0,0.0,0.0,3.0,3.0,0.0,0.0,5.0,0.0,1.0,5.0,0.0,0.0,2.0,21.0,1.0,1.0,2.0,8.0,0.0,3.0,0.0,0.0,4.0,0.0,8.0,7.0,1.0,1.0,0.0,3.0,1.0,0.0,0.0
1.0,16.0,0.0,0.0,0.0,0.0,0.0,0.0,2.0,0.0,10.0,0.0,0.0,0.0,0.0,0.0,19.0,0.0,0.0,0.0,0.0,1.0,0.0,0.0,0.0,0.0,0.0,0.0,0.0,0.0,0.0,0.0,0.0,0.0,0.0,0.0,0.0,1.0,0.0,0.0,0.0,0.0,0.0,0.0,0.0,0.0,0.0,0.0,0.0,0.0,0.0,0.0,0.0,0.0,0.0,0.0,0.0,0.0,0.0,0.0,0.0,0.0,0.0,0.0,0.0,0.0,0.0,0.0,0.0,0.0,0.0,0.0,0.0,0.0,0.0,0.0,0.0,0.0,0.0,0.0,0.0,0.0,0.0,0.0,0.0,0.0,0.0,0.0,0.0,0.0,0.0,0.0,0.0,0.0,0.0,38.0,0.0,0.0,0.0,12.0,0.0,7.0,0.0,0.0,0.0,0.0,0.0,0.0,0.0,0.0,0.0,0.0,0.0,0.0,0.0
4.0,0.0,75.0,0.0,0.0,0.0,0.0,3.0,0.0,0.0,17.0,0.0,0.0,4.0,0.0,13.0,1.0,0.0,0.0,0.0,0.0,0.0,0.0,0.0,0.0,0.0,0.0,0.0,9.0,0.0,0.0,0.0,5.0,0.0,0.0,0.0,26.0,0.0,0.0,0.0,0.0,0.0,0.0,0.0,0.0,4.0,0.0,0.0,0.0,0.0,0.0,0.0,0.0,0.0,0.0,6.0,0.0,0.0,1.0,0.0,6.0,0.0,0.0,4.0,0.0,0.0,1.0,2.0,0.0,0.0,0.0,4.0,0.0,0.0,0.0,0.0,0.0,0.0,0.0,0.0,0.0,0.0,0.0,0.0,4.0,4.0,0.0,5.0,12.0,0.0,4.0,2.0,0.0,0.0,4.0,30.0,0.0,0.0,0.0,15.0,0.0,15.0,0.0,0.0,16.0,0.0,20.0,20.0,4.0,4.0,0.0,4.0,4.0,0.0,0.0
2.0,0.0,0.0,159.0,0.0,0.0,0.0,0.0,0.0,0.0,0.0,0.0,0.0,0.0,0.0,0.0,11.0,0.0,0.0,0.0,0.0,0.0,0.0,0.0,0.0,0.0,0.0,0.0,0.0,0.0,0.0,0.0,0.0,0.0,0.0,0.0,321.0,1.0,0.0,0.0,0.0,0.0,0.0,0.0,0.0,0.0,0.0,0.0,0.0,0.0,0.0,74.0,0.0,0.0,0.0,0.0,0.0,0.0,0.0,0.0,0.0,0.0,0.0,0.0,0.0,0.0,0.0,0.0,0.0,0.0,0.0,80.0,0.0,0.0,0.0,74.0,0.0,0.0,0.0,0.0,0.0,0.0,0.0,0.0,0.0,0.0,0.0,0.0,0.0,0.0,0.0,0.0,0.0,0.0,0.0,75.0,0.0,0.0,0.0,1.0,0.0,15.0,0.0,0.0,0.0,0.0,0.0,0.0,0.0,0.0,0.0,0.0,0.0,0.0,0.0
1.0,0.0,0.0,2.0,4.0,0.0,0.0,0.0,1.0,1.0,2.0,0.0,0.0,0.0,0.0,1.0,2.0,0.0,0.0,0.0,0.0,0.0,0.0,0.0,0.0,1.0,0.0,6.0,9.0,0.0,1.0,0.0,5.0,2.0,1.0,0.0,2.0,0.0,0.0,0.0,2.0,1.0,4.0,2.0,3.0,2.0,1.0,1.0,0.0,2.0,2.0,5.0,1.0,0.0,1.0,0.0,0.0,0.0,0.0,0.0,8.0,1.0,2.0,0.0,0.0,1.0,0.0,0.0,0.0,0.0,0.0,6.0,1.0,1.0,1.0,1.0,1.0,3.0,0.0,0.0,1.0,0.0,0.0,1.0,2.0,2.0,0.0,0.0,3.0,0.0,1.0,2.0,1.0,2.0,0.0,11.0,0.0,1.0,0.0,1.0,0.0,2.0,1.0,0.0,0.0,0.0,5.0,3.0,1.0,0.0,0.0,2.0,0.0,0.0,1.0
0.0,0.0,0.0,8.0,0.0,85.0,0.0,0.0,10.0,0.0,2.0,0.0,0.0,0.0,0.0,0.0,0.0,0.0,0.0,0.0,0.0,0.0,0.0,0.0,0.0,0.0,0.0,0.0,9.0,0.0,0.0,0.0,5.0,0.0,0.0,0.0,0.0,0.0,0.0,0.0,0.0,0.0,0.0,0.0,0.0,0.0,2.0,0.0,0.0,0.0,0.0,0.0,0.0,0.0,0.0,8.0,0.0,0.0,0.0,10.0,0.0,0.0,0.0,0.0,0.0,0.0,0.0,0.0,0.0,0.0,0.0,23.0,0.0,0.0,0.0,0.0,30.0,30.0,0.0,0.0,0.0,0.0,0.0,0.0,0.0,2.0,0.0,0.0,1.0,0.0,31.0,2.0,0.0,0.0,0.0,57.0,0.0,0.0,0.0,18.0,0.0,24.0,0.0,0.0,0.0,0.0,0.0,0.0,0.0,0.0,0.0,0.0,0.0,0.0,0.0
0.0,0.0,0.0,0.0,0.0,0.0,8.0,0.0,0.0,0.0,0.0,0.0,0.0,0.0,0.0,0.0,0.0,0.0,0.0,0.0,0.0,0.0,0.0,0.0,0.0,0.0,0.0,0.0,0.0,0.0,0.0,0.0,0.0,0.0,0.0,0.0,0.0,0.0,0.0,0.0,0.0,0.0,0.0,0.0,0.0,0.0,0.0,0.0,0.0,1.0,0.0,0.0,0.0,0.0,0.0,0.0,0.0,0.0,0.0,0.0,0.0,0.0,0.0,0.0,0.0,0.0,0.0,0.0,0.0,0.0,0.0,0.0,0.0,0.0,0.0,0.0,0.0,0.0,0.0,0.0,0.0,0.0,0.0,0.0,0.0,0.0,0.0,0.0,0.0,0.0,0.0,0.0,0.0,0.0,0.0,0.0,0.0,0.0,0.0,0.0,0.0,9.0,0.0,0.0,0.0,0.0,0.0,0.0,0.0,0.0,0.0,0.0,0.0,0.0,0.0
0.0,0.0,23.0,0.0,0.0,0.0,0.0,234.0,0.0,0.0,4.0,0.0,0.0,0.0,0.0,1.0,5.0,0.0,0.0,0.0,0.0,0.0,0.0,0.0,0.0,0.0,0.0,0.0,4.0,0.0,0.0,0.0,4.0,0.0,0.0,0.0,0.0,0.0,0.0,0.0,0.0,1.0,5.0,0.0,0.0,1.0,0.0,0.0,2.0,1.0,2.0,1.0,1.0,0.0,13.0,2.0,0.0,0.0,1.0,0.0,2.0,0.0,2.0,3.0,0.0,0.0,3.0,0.0,0.0,0.0,0.0,2.0,0.0,0.0,0.0,0.0,0.0,0.0,0.0,0.0,0.0,0.0,0.0,0.0,1.0,1.0,0.0,0.0,3.0,0.0,2.0,0.0,0.0,0.0,1.0,16.0,1.0,1.0,0.0,3.0,0.0,5.0,0.0,0.0,4.0,0.0,7.0,7.0,2.0,2.0,0.0,1.0,2.0,0.0,0.0
14.0,0.0,0.0,2.0,0.0,12.0,0.0,0.0,83.0,0.0,21.0,0.0,0.0,0.0,4.0,0.0,133.0,0.0,0.0,0.0,0.0,0.0,0.0,0.0,8.0,0.0,0.0,18.0,13.0,0.0,0.0,0.0,58.0,14.0,6.0,6.0,0.0,5.0,0.0,3.0,6.0,11.0,15.0,42.0,13.0,22.0,4.0,0.0,6.0,0.0,6.0,40.0,3.0,3.0,10.0,69.0,3.0,3.0,6.0,4.0,14.0,3.0,6.0,12.0,11.0,23.0,3.0,18.0,3.0,0.0,0.0,68.0,6.0,2.0,0.0,0.0,26.0,26.0,8.0,0.0,0.0,0.0,0.0,0.0,20.0,12.0,0.0,0.0,38.0,2.0,20.0,19.0,0.0,0.0,12.0,106.0,1.0,8.0,12.0,24.0,0.0,30.0,0.0,0.0,24.0,0.0,72.0,42.0,6.0,6.0,0.0,22.0,6.0,0.0,0.0
10.0,0.0,0.0,0.0,0.0,6.0,0.0,0.0,6.0,121.0,16.0,0.0,0.0,1.0,2.0,0.0,65.0,0.0,0.0,0.0,0.0,0.0,0.0,0.0,6.0,0.0,0.0,0.0,5.0,0.0,0.0,0.0,47.0,6.0,3.0,3.0,0.0,0.0,0.0,0.0,0.0,6.0,4.0,0.0,14.0,14.0,2.0,0.0,0.0,0.0,0.0,8.0,2.0,0.0,11.0,11.0,0.0,0.0,0.0,0.0,5.0,0.0,0.0,6.0,5.0,9.0,0.0,12.0,0.0,0.0,0.0,120.0,3.0,2.0,0.0,0.0,8.0,8.0,5.0,0.0,0.0,0.0,0.0,0.0,12.0,8.0,0.0,0.0,31.0,3.0,6.0,13.0,0.0,0.0,19.0,119.0,0.0,6.0,17.0,28.0,0.0,37.0,1.0,0.0,16.0,0.0,29.0,29.0,5.0,5.0,0.0,16.0,5.0,0.0,0.0
22.0,2.0,32.0,11.0,7.0,6.0,0.0,0.0,28.0,22.0,830.0,1.0,2.0,100.0,1.0,23.0,19.0,0.0,0.0,0.0,0.0,0.0,0.0,0.0,1.0,5.0,0.0,32.0,61.0,0.0,5.0,0.0,56.0,16.0,5.0,1.0,55.0,1.0,0.0,0.0,10.0,6.0,20.0,10.0,19.0,18.0,6.0,6.0,0.0,10.0,10.0,35.0,10.0,4.0,7.0,15.0,0.0,0.0,0.0,0.0,52.0,5.0,10.0,3.0,1.0,6.0,8.0,0.0,0.0,0.0,0.0,87.0,5.0,6.0,5.0,5.0,6.0,16.0,1.0,0.0,5.0,0.0,0.0,5.0,17.0,20.0,0.0,8.0,37.0,1.0,12.0,12.0,5.0,13.0,6.0,560.0,19.0,9.0,4.0,173.0,0.0,83.0,5.0,0.0,24.0,0.0,65.0,49.0,13.0,7.0,0.0,19.0,7.0,0.0,5.0
0.0,0.0,0.0,0.0,0.0,0.0,0.0,0.0,0.0,0.0,0.0,0.0,0.0,0.0,0.0,0.0,0.0,0.0,0.0,0.0,0.0,0.0,0.0,0.0,0.0,0.0,0.0,0.0,0.0,0.0,0.0,0.0,0.0,0.0,0.0,0.0,0.0,0.0,0.0,0.0,0.0,0.0,0.0,0.0,0.0,0.0,0.0,0.0,0.0,0.0,0.0,0.0,0.0,0.0,0.0,0.0,0.0,0.0,0.0,0.0,0.0,0.0,0.0,0.0,0.0,0.0,0.0,0.0,0.0,0.0,0.0,0.0,0.0,0.0,0.0,0.0,0.0,0.0,0.0,0.0,0.0,0.0,0.0,0.0,0.0,0.0,0.0,0.0,0.0,0.0,0.0,0.0,0.0,0.0,0.0,1.0,0.0,0.0,0.0,5.0,0.0,0.0,0.0,0.0,0.0,0.0,0.0,0.0,0.0,0.0,0.0,0.0,0.0,0.0,0.0
0.0,0.0,0.0,0.0,0.0,0.0,0.0,0.0,0.0,0.0,0.0,0.0,5.0,0.0,0.0,0.0,0.0,0.0,0.0,0.0,0.0,0.0,0.0,0.0,0.0,0.0,0.0,0.0,0.0,0.0,0.0,0.0,0.0,0.0,0.0,0.0,0.0,0.0,0.0,0.0,0.0,0.0,0.0,0.0,0.0,0.0,0.0,0.0,0.0,0.0,0.0,0.0,0.0,0.0,0.0,0.0,0.0,0.0,0.0,0.0,0.0,0.0,0.0,0.0,0.0,0.0,0.0,0.0,0.0,0.0,0.0,0.0,0.0,0.0,0.0,0.0,0.0,0.0,0.0,0.0,0.0,0.0,0.0,0.0,0.0,0.0,0.0,0.0,0.0,0.0,0.0,0.0,0.0,0.0,0.0,0.0,0.0,0.0,0.0,1.0,0.0,0.0,0.0,0.0,0.0,0.0,0.0,0.0,0.0,0.0,0.0,0.0,0.0,0.0,0.0
0.0,0.0,0.0,0.0,0.0,0.0,0.0,0.0,7.0,1.0,22.0,0.0,1.0,125.0,0.0,0.0,4.0,0.0,0.0,0.0,0.0,0.0,0.0,0.0,0.0,0.0,0.0,0.0,0.0,0.0,0.0,0.0,1.0,0.0,0.0,0.0,0.0,0.0,0.0,0.0,0.0,0.0,0.0,0.0,0.0,0.0,0.0,0.0,0.0,1.0,0.0,0.0,0.0,0.0,0.0,0.0,0.0,0.0,0.0,0.0,0.0,0.0,0.0,0.0,0.0,0.0,0.0,0.0,0.0,0.0,0.0,0.0,0.0,0.0,0.0,0.0,0.0,0.0,0.0,0.0,0.0,0.0,0.0,0.0,0.0,0.0,0.0,0.0,5.0,0.0,0.0,0.0,0.0,0.0,0.0,101.0,0.0,0.0,0.0,20.0,0.0,47.0,0.0,0.0,0.0,0.0,0.0,0.0,0.0,0.0,0.0,0.0,0.0,0.0,0.0
0.0,0.0,0.0,0.0,0.0,0.0,0.0,0.0,2.0,0.0,0.0,0.0,0.0,1.0,10.0,0.0,0.0,0.0,0.0,0.0,0.0,0.0,0.0,0.0,0.0,0.0,0.0,0.0,0.0,0.0,0.0,0.0,0.0,0.0,0.0,0.0,0.0,0.0,0.0,0.0,0.0,0.0,0.0,0.0,0.0,0.0,0.0,0.0,0.0,0.0,0.0,0.0,0.0,0.0,0.0,2.0,0.0,0.0,0.0,0.0,0.0,0.0,0.0,0.0,0.0,0.0,0.0,0.0,0.0,0.0,0.0,0.0,0.0,0.0,0.0,0.0,0.0,0.0,0.0,0.0,0.0,0.0,0.0,0.0,0.0,0.0,0.0,0.0,0.0,0.0,0.0,1.0,0.0,0.0,0.0,3.0,0.0,0.0,0.0,0.0,0.0,0.0,0.0,0.0,0.0,0.0,0.0,0.0,0.0,0.0,0.0,0.0,0.0,0.0,0.0
3.0,0.0,34.0,10.0,3.0,2.0,0.0,0.0,3.0,3.0,51.0,0.0,1.0,0.0,0.0,655.0,6.0,0.0,0.0,0.0,0.0,0.0,0.0,0.0,0.0,3.0,0.0,24.0,62.0,0.0,8.0,0.0,34.0,8.0,3.0,0.0,83.0,0.0,0.0,0.0,6.0,4.0,15.0,6.0,10.0,17.0,3.0,3.0,0.0,11.0,6.0,31.0,16.0,0.0,3.0,19.0,0.0,0.0,0.0,0.0,41.0,3.0,10.0,3.0,2.0,5.0,0.0,1.0,0.0,0.0,0.0,85.0,4.0,3.0,3.0,3.0,7.0,13.0,3.0,0.0,3.0,0.0,0.0,3.0,15.0,15.0,0.0,32.0,36.0,0.0,16.0,10.0,3.0,6.0,9.0,216.0,0.0,4.0,0.0,119.0,0.0,86.0,5.0,0.0,36.0,0.0,65.0,59.0,13.0,10.0,0.0,17.0,10.0,0.0,3.0
6.0,12.0,1.0,1.0,0.0,3.0,0.0,10.0,4.0,0.0,17.0,0.0,0.0,7.0,1.0,1.0,522.0,0.0,40.0,0.0,10.0,108.0,0.0,8.0,4.0,13.0,15.0,28.0,28.0,0.0,0.0,0.0,22.0,11.0,1.0,1.0,11.0,3.0,0.0,2.0,6.0,8.0,18.0,6.0,8.0,10.0,1.0,0.0,12.0,3.0,12.0,47.0,6.0,5.0,3.0,27.0,7.0,5.0,9.0,1.0,17.0,3.0,8.0,21.0,4.0,9.0,8.0,3.0,2.0,0.0,0.0,123.0,1.0,1.0,0.0,0.0,3.0,3.0,2.0,0.0,0.0,0.0,0.0,0.0,11.0,3.0,0.0,0.0,101.0,1.0,4.0,24.0,0.0,0.0,3.0,320.0,3.0,3.0,3.0,139.0,0.0,100.0,0.0,0.0,8.0,0.0,29.0,21.0,5.0,5.0,0.0,6.0,5.0,0.0,0.0
0.0,0.0,0.0,0.0,0.0,0.0,0.0,0.0,0.0,0.0,0.0,0.0,0.0,0.0,0.0,0.0,2.0,111.0,1.0,30.0,0.0,47.0,35.0,0.0,0.0,2.0,93.0,0.0,0.0,0.0,0.0,0.0,2.0,0.0,0.0,0.0,0.0,0.0,0.0,0.0,0.0,0.0,0.0,0.0,0.0,0.0,0.0,0.0,0.0,0.0,0.0,0.0,0.0,2.0,0.0,0.0,0.0,0.0,0.0,0.0,0.0,0.0,0.0,0.0,0.0,0.0,4.0,0.0,0.0,0.0,0.0,0.0,0.0,0.0,0.0,0.0,0.0,0.0,0.0,0.0,0.0,0.0,0.0,0.0,0.0,2.0,0.0,0.0,0.0,0.0,0.0,0.0,0.0,0.0,0.0,2.0,0.0,0.0,0.0,0.0,0.0,0.0,0.0,0.0,0.0,0.0,2.0,0.0,0.0,0.0,0.0,0.0,0.0,0.0,0.0
0.0,0.0,0.0,0.0,0.0,0.0,0.0,0.0,0.0,0.0,2.0,0.0,0.0,0.0,0.0,0.0,29.0,0.0,83.0,9.0,37.0,49.0,0.0,3.0,0.0,5.0,106.0,0.0,0.0,0.0,0.0,0.0,3.0,0.0,0.0,0.0,0.0,0.0,0.0,0.0,0.0,0.0,0.0,0.0,2.0,0.0,0.0,0.0,0.0,0.0,0.0,0.0,0.0,3.0,0.0,0.0,0.0,0.0,0.0,0.0,0.0,0.0,0.0,0.0,0.0,0.0,6.0,0.0,0.0,0.0,0.0,1.0,0.0,0.0,0.0,0.0,0.0,0.0,0.0,0.0,0.0,0.0,0.0,0.0,0.0,3.0,0.0,0.0,0.0,0.0,0.0,0.0,0.0,0.0,0.0,5.0,0.0,0.0,0.0,0.0,0.0,0.0,0.0,0.0,0.0,0.0,5.0,0.0,0.0,0.0,0.0,0.0,0.0,0.0,0.0
0.0,0.0,0.0,0.0,0.0,0.0,0.0,0.0,0.0,0.0,0.0,0.0,0.0,0.0,0.0,0.0,78.0,13.0,9.0,156.0,0.0,42.0,18.0,0.0,0.0,9.0,156.0,0.0,0.0,0.0,0.0,0.0,0.0,0.0,0.0,0.0,0.0,0.0,0.0,0.0,0.0,0.0,0.0,0.0,0.0,0.0,0.0,0.0,0.0,0.0,0.0,0.0,0.0,0.0,0.0,0.0,0.0,0.0,0.0,0.0,0.0,0.0,0.0,0.0,0.0,0.0,0.0,0.0,0.0,0.0,0.0,0.0,0.0,0.0,0.0,0.0,0.0,0.0,0.0,0.0,0.0,0.0,0.0,0.0,0.0,0.0,0.0,0.0,0.0,0.0,0.0,0.0,0.0,0.0,0.0,0.0,0.0,0.0,0.0,0.0,0.0,0.0,0.0,0.0,0.0,0.0,0.0,0.0,0.0,0.0,0.0,0.0,0.0,0.0,0.0
0.0,0.0,0.0,0.0,0.0,0.0,0.0,0.0,0.0,0.0,0.0,0.0,0.0,0.0,0.0,0.0,20.0,0.0,11.0,0.0,74.0,14.0,0.0,2.0,0.0,4.0,13.0,0.0,0.0,0.0,0.0,0.0,2.0,0.0,0.0,0.0,0.0,0.0,0.0,0.0,0.0,0.0,0.0,0.0,0.0,0.0,0.0,0.0,0.0,0.0,0.0,0.0,0.0,2.0,0.0,0.0,0.0,0.0,0.0,0.0,0.0,0.0,0.0,0.0,0.0,0.0,4.0,0.0,0.0,0.0,0.0,0.0,0.0,0.0,0.0,0.0,0.0,0.0,0.0,0.0,0.0,0.0,0.0,0.0,0.0,2.0,0.0,0.0,0.0,0.0,0.0,0.0,0.0,0.0,0.0,2.0,0.0,0.0,0.0,0.0,0.0,0.0,0.0,0.0,0.0,0.0,2.0,0.0,0.0,0.0,0.0,0.0,0.0,0.0,0.0
0.0,0.0,0.0,0.0,0.0,0.0,0.0,0.0,0.0,0.0,2.0,0.0,0.0,2.0,0.0,0.0,103.0,10.0,9.0,8.0,6.0,130.0,9.0,3.0,0.0,9.0,122.0,0.0,0.0,0.0,0.0,0.0,4.0,0.0,0.0,0.0,0.0,0.0,0.0,0.0,0.0,0.0,0.0,0.0,0.0,0.0,0.0,0.0,0.0,0.0,0.0,0.0,0.0,4.0,0.0,0.0,0.0,0.0,0.0,0.0,0.0,0.0,0.0,0.0,0.0,0.0,8.0,0.0,0.0,0.0,0.0,0.0,0.0,0.0,0.0,0.0,0.0,0.0,0.0,0.0,0.0,0.0,0.0,0.0,0.0,4.0,0.0,0.0,0.0,0.0,0.0,0.0,0.0,0.0,0.0,4.0,0.0,0.0,0.0,0.0,0.0,0.0,0.0,0.0,0.0,0.0,4.0,0.0,0.0,0.0,0.0,0.0,0.0,0.0,0.0
0.0,0.0,0.0,0.0,0.0,0.0,0.0,0.0,0.0,0.0,0.0,0.0,0.0,0.0,0.0,0.0,2.0,12.0,0.0,0.0,0.0,2.0,96.0,0.0,0.0,0.0,19.0,0.0,0.0,0.0,0.0,0.0,2.0,0.0,0.0,0.0,0.0,0.0,0.0,0.0,0.0,0.0,0.0,0.0,0.0,0.0,0.0,0.0,0.0,0.0,0.0,0.0,0.0,2.0,0.0,0.0,0.0,0.0,0.0,0.0,0.0,0.0,0.0,0.0,0.0,0.0,4.0,0.0,0.0,0.0,0.0,0.0,0.0,0.0,0.0,0.0,0.0,0.0,0.0,0.0,0.0,0.0,0.0,0.0,0.0,2.0,0.0,0.0,0.0,0.0,0.0,0.0,0.0,0.0,0.0,2.0,0.0,0.0,0.0,0.0,0.0,0.0,0.0,0.0,0.0,0.0,2.0,0.0,0.0,0.0,0.0,0.0,0.0,0.0,0.0
0.0,0.0,0.0,0.0,0.0,0.0,0.0,0.0,0.0,0.0,0.0,0.0,0.0,0.0,0.0,0.0,0.0,0.0,3.0,0.0,2.0,7.0,0.0,79.0,0.0,1.0,34.0,0.0,0.0,0.0,0.0,0.0,1.0,0.0,0.0,0.0,0.0,0.0,0.0,0.0,0.0,0.0,0.0,0.0,0.0,0.0,0.0,0.0,0.0,0.0,0.0,0.0,0.0,1.0,0.0,0.0,0.0,0.0,0.0,0.0,0.0,0.0,0.0,0.0,0.0,0.0,2.0,0.0,0.0,0.0,0.0,0.0,0.0,0.0,0.0,0.0,0.0,0.0,0.0,0.0,0.0,0.0,0.0,0.0,0.0,1.0,0.0,0.0,0.0,0.0,0.0,0.0,0.0,0.0,0.0,2.0,0.0,0.0,0.0,0.0,0.0,0.0,0.0,0.0,0.0,0.0,1.0,0.0,0.0,0.0,0.0,0.0,0.0,0.0,0.0
0.0,0.0,0.0,0.0,0.0,0.0,0.0,0.0,0.0,0.0,2.0,2.0,0.0,0.0,0.0,0.0,3.0,0.0,18.0,0.0,11.0,0.0,0.0,0.0,18.0,0.0,0.0,0.0,3.0,0.0,0.0,0.0,0.0,0.0,0.0,0.0,0.0,1.0,0.0,0.0,0.0,0.0,0.0,0.0,0.0,0.0,0.0,0.0,0.0,0.0,0.0,0.0,0.0,0.0,0.0,0.0,0.0,0.0,0.0,0.0,0.0,0.0,0.0,0.0,0.0,0.0,0.0,0.0,0.0,0.0,0.0,17.0,0.0,0.0,0.0,0.0,0.0,0.0,0.0,0.0,0.0,0.0,0.0,0.0,0.0,0.0,0.0,0.0,3.0,0.0,0.0,2.0,0.0,0.0,0.0,11.0,0.0,5.0,0.0,9.0,0.0,1.0,0.0,0.0,0.0,0.0,0.0,0.0,0.0,0.0,0.0,0.0,0.0,0.0,0.0
0.0,0.0,0.0,0.0,0.0,0.0,0.0,0.0,0.0,0.0,0.0,0.0,0.0,0.0,0.0,0.0,17.0,0.0,3.0,0.0,2.0,7.0,0.0,1.0,0.0,41.0,32.0,0.0,0.0,0.0,0.0,0.0,1.0,0.0,0.0,0.0,0.0,0.0,0.0,0.0,0.0,0.0,0.0,0.0,0.0,0.0,0.0,0.0,0.0,0.0,0.0,0.0,0.0,1.0,0.0,0.0,0.0,0.0,0.0,0.0,0.0,0.0,0.0,0.0,0.0,0.0,2.0,0.0,0.0,0.0,0.0,0.0,0.0,0.0,0.0,0.0,0.0,0.0,0.0,0.0,0.0,0.0,0.0,0.0,0.0,1.0,0.0,0.0,0.0,0.0,0.0,0.0,0.0,0.0,0.0,1.0,0.0,0.0,0.0,1.0,0.0,0.0,0.0,0.0,0.0,0.0,1.0,0.0,0.0,0.0,0.0,0.0,0.0,0.0,0.0
0.0,0.0,1.0,0.0,0.0,0.0,0.0,0.0,0.0,0.0,0.0,0.0,0.0,0.0,0.0,0.0,75.0,0.0,17.0,4.0,7.0,17.0,0.0,3.0,0.0,4.0,183.0,0.0,0.0,0.0,0.0,0.0,3.0,0.0,0.0,0.0,0.0,0.0,0.0,0.0,0.0,0.0,0.0,0.0,0.0,0.0,0.0,0.0,0.0,0.0,0.0,0.0,0.0,3.0,0.0,0.0,0.0,0.0,0.0,0.0,0.0,0.0,0.0,3.0,0.0,0.0,6.0,2.0,0.0,0.0,0.0,0.0,0.0,0.0,0.0,0.0,0.0,0.0,0.0,0.0,0.0,0.0,0.0,0.0,0.0,3.0,0.0,0.0,0.0,0.0,0.0,0.0,0.0,0.0,0.0,3.0,0.0,0.0,0.0,2.0,0.0,3.0,0.0,0.0,0.0,0.0,3.0,0.0,0.0,0.0,0.0,0.0,0.0,0.0,0.0
88.0,0.0,0.0,0.0,0.0,0.0,0.0,0.0,0.0,0.0,0.0,0.0,0.0,0.0,0.0,18.0,4.0,0.0,0.0,0.0,0.0,7.0,0.0,0.0,0.0,0.0,0.0,1112.0,28.0,0.0,0.0,0.0,14.0,0.0,0.0,0.0,0.0,0.0,0.0,0.0,0.0,0.0,20.0,0.0,0.0,0.0,0.0,0.0,0.0,0.0,1.0,200.0,22.0,3.0,0.0,52.0,0.0,0.0,0.0,0.0,38.0,0.0,0.0,0.0,0.0,0.0,7.0,0.0,6.0,0.0,0.0,89.0,0.0,0.0,0.0,0.0,0.0,0.0,0.0,0.0,0.0,0.0,0.0,0.0,0.0,3.0,0.0,0.0,0.0,0.0,0.0,0.0,0.0,0.0,0.0,107.0,5.0,0.0,0.0,159.0,0.0,17.0,0.0,0.0,0.0,0.0,3.0,0.0,0.0,0.0,1.0,0.0,0.0,0.0,0.0
11.0,0.0,30.0,15.0,4.0,12.0,0.0,17.0,12.0,4.0,91.0,0.0,0.0,5.0,0.0,77.0,249.0,0.0,0.0,0.0,0.0,0.0,0.0,0.0,5.0,4.0,0.0,162.0,610.0,12.0,14.0,1.0,63.0,60.0,4.0,0.0,107.0,0.0,0.0,16.0,35.0,47.0,107.0,24.0,58.0,37.0,9.0,4.0,67.0,14.0,66.0,252.0,33.0,26.0,9.0,71.0,39.0,25.0,40.0,0.0,137.0,17.0,47.0,79.0,21.0,88.0,31.0,17.0,16.0,0.0,0.0,65.0,9.0,4.0,4.0,4.0,9.0,22.0,5.0,0.0,4.0,0.0,0.0,4.0,51.0,28.0,0.0,21.0,76.0,0.0,21.0,108.0,4.0,13.0,18.0,169.0,5.0,9.0,10.0,184.0,0.0,109.0,10.0,0.0,51.0,0.0,105.0,96.0,20.0,16.0,0.0,37.0,16.0,0.0,4.0
3.0,0.0,0.0,3.0,0.0,3.0,0.0,9.0,0.0,0.0,19.0,0.0,0.0,0.0,0.0,0.0,23.0,0.0,0.0,0.0,0.0,0.0,0.0,0.0,0.0,0.0,0.0,30.0,18.0,22.0,0.0,0.0,0.0,9.0,0.0,0.0,6.0,0.0,0.0,6.0,0.0,8.0,13.0,0.0,6.0,0.0,0.0,0.0,16.0,0.0,16.0,50.0,8.0,6.0,0.0,10.0,12.0,6.0,6.0,0.0,14.0,0.0,4.0,20.0,6.0,18.0,8.0,0.0,6.0,0.0,0.0,0.0,0.0,0.0,0.0,0.0,0.0,0.0,0.0,0.0,0.0,0.0,0.0,0.0,0.0,0.0,0.0,0.0,0.0,0.0,0.0,2.0,0.0,0.0,0.0,4.0,2.0,3.0,3.0,15.0,0.0,0.0,0.0,0.0,0.0,0.0,4.0,4.0,2.0,2.0,0.0,0.0,2.0,0.0,0.0
9.0,0.0,0.0,2.0,0.0,4.0,0.0,0.0,3.0,0.0,17.0,0.0,0.0,0.0,1.0,56.0,47.0,0.0,0.0,0.0,0.0,0.0,0.0,1.0,4.0,0.0,0.0,6.0,20.0,1.0,577.0,2.0,33.0,5.0,2.0,0.0,3.0,0.0,0.0,0.0,0.0,5.0,33.0,0.0,18.0,11.0,6.0,3.0,0.0,22.0,0.0,20.0,2.0,2.0,5.0,9.0,0.0,0.0,8.0,0.0,61.0,0.0,4.0,6.0,4.0,24.0,4.0,10.0,0.0,0.0,0.0,100.0,13.0,1.0,8.0,6.0,10.0,16.0,27.0,12.0,9.0,0.0,0.0,0.0,23.0,15.0,40.0,3.0,19.0,14.0,17.0,13.0,0.0,19.0,6.0,294.0,0.0,5.0,3.0,54.0,0.0,31.0,3.0,0.0,13.0,0.0,59.0,48.0,4.0,4.0,1.0,17.0,4.0,0.0,0.0
4.0,0.0,0.0,2.0,0.0,4.0,0.0,0.0,0.0,0.0,0.0,0.0,0.0,0.0,0.0,10.0,28.0,0.0,0.0,0.0,0.0,0.0,0.0,0.0,2.0,0.0,0.0,0.0,6.0,0.0,14.0,341.0,26.0,4.0,2.0,0.0,2.0,0.0,0.0,0.0,0.0,4.0,101.0,0.0,6.0,12.0,2.0,0.0,0.0,2.0,0.0,6.0,0.0,0.0,4.0,6.0,0.0,0.0,0.0,0.0,102.0,0.0,4.0,1.0,4.0,16.0,1.0,12.0,0.0,0.0,0.0,19.0,2.0,2.0,0.0,0.0,4.0,6.0,2.0,0.0,0.0,0.0,0.0,0.0,10.0,6.0,0.0,0.0,16.0,0.0,6.0,10.0,0.0,2.0,4.0,29.0,0.0,2.0,2.0,67.0,0.0,18.0,4.0,0.0,16.0,0.0,30.0,30.0,4.0,4.0,1.0,14.0,4.0,0.0,2.0
16.0,1.0,8.0,0.0,0.0,12.0,0.0,0.0,18.0,0.0,49.0,0.0,0.0,5.0,6.0,7.0,33.0,0.0,0.0,0.0,0.0,0.0,0.0,2.0,6.0,0.0,0.0,38.0,41.0,0.0,36.0,0.0,1441.0,20.0,5.0,0.0,16.0,0.0,0.0,0.0,0.0,17.0,26.0,7.0,27.0,51.0,8.0,0.0,0.0,18.0,0.0,41.0,13.0,11.0,17.0,29.0,0.0,0.0,2.0,0.0,50.0,0.0,13.0,102.0,12.0,40.0,22.0,31.0,0.0,0.0,97.0,150.0,6.0,11.0,2.0,0.0,27.0,35.0,21.0,0.0,0.0,0.0,0.0,0.0,23.0,19.0,0.0,3.0,54.0,8.0,33.0,40.0,0.0,12.0,5.0,515.0,8.0,12.0,1.0,140.0,0.0,81.0,8.0,0.0,34.0,0.0,114.0,97.0,16.0,18.0,0.0,44.0,16.0,0.0,5.0
0.0,0.0,0.0,0.0,0.0,2.0,0.0,0.0,1.0,0.0,7.0,0.0,1.0,15.0,0.0,0.0,27.0,0.0,0.0,0.0,0.0,0.0,0.0,0.0,0.0,0.0,0.0,0.0,0.0,0.0,0.0,0.0,4.0,282.0,2.0,0.0,0.0,0.0,0.0,0.0,0.0,0.0,0.0,27.0,2.0,0.0,2.0,1.0,0.0,2.0,0.0,1.0,1.0,0.0,0.0,55.0,0.0,0.0,0.0,1.0,2.0,0.0,0.0,0.0,0.0,0.0,0.0,0.0,0.0,0.0,0.0,4.0,0.0,0.0,0.0,0.0,4.0,4.0,1.0,0.0,0.0,0.0,0.0,0.0,1.0,0.0,0.0,0.0,0.0,1.0,4.0,3.0,0.0,0.0,0.0,110.0,0.0,0.0,0.0,10.0,0.0,45.0,1.0,0.0,0.0,0.0,28.0,1.0,1.0,1.0,0.0,8.0,1.0,0.0,0.0
0.0,0.0,0.0,2.0,0.0,0.0,0.0,0.0,0.0,0.0,0.0,0.0,0.0,9.0,0.0,0.0,0.0,0.0,0.0,0.0,0.0,0.0,0.0,0.0,0.0,0.0,0.0,0.0,5.0,0.0,1.0,0.0,3.0,2.0,36.0,0.0,0.0,0.0,0.0,0.0,0.0,0.0,0.0,0.0,2.0,0.0,1.0,2.0,0.0,0.0,0.0,0.0,0.0,0.0,0.0,12.0,0.0,0.0,0.0,0.0,0.0,0.0,0.0,1.0,0.0,0.0,0.0,0.0,0.0,0.0,0.0,6.0,0.0,0.0,0.0,0.0,0.0,0.0,0.0,0.0,0.0,0.0,0.0,0.0,0.0,1.0,0.0,0.0,0.0,0.0,0.0,1.0,0.0,0.0,0.0,28.0,0.0,0.0,0.0,8.0,0.0,4.0,0.0,0.0,0.0,0.0,3.0,3.0,0.0,0.0,1.0,1.0,0.0,0.0,0.0
0.0,0.0,0.0,0.0,0.0,0.0,0.0,0.0,0.0,0.0,0.0,0.0,0.0,0.0,0.0,0.0,0.0,0.0,0.0,0.0,0.0,0.0,0.0,0.0,0.0,0.0,0.0,0.0,0.0,0.0,0.0,0.0,0.0,0.0,0.0,12.0,0.0,0.0,0.0,0.0,0.0,0.0,0.0,0.0,0.0,0.0,0.0,0.0,0.0,0.0,0.0,0.0,0.0,0.0,0.0,0.0,0.0,0.0,0.0,0.0,0.0,0.0,0.0,0.0,0.0,0.0,0.0,0.0,0.0,0.0,0.0,0.0,0.0,0.0,0.0,0.0,0.0,0.0,0.0,0.0,0.0,0.0,0.0,0.0,0.0,0.0,0.0,0.0,0.0,0.0,0.0,1.0,0.0,0.0,0.0,5.0,0.0,0.0,1.0,0.0,0.0,0.0,0.0,0.0,0.0,0.0,0.0,0.0,0.0,0.0,0.0,0.0,0.0,0.0,0.0
1.0,0.0,32.0,63.0,0.0,5.0,0.0,1.0,4.0,2.0,47.0,0.0,0.0,2.0,0.0,34.0,7.0,0.0,0.0,0.0,0.0,0.0,0.0,0.0,0.0,1.0,0.0,10.0,30.0,0.0,1.0,2.0,19.0,3.0,2.0,0.0,447.0,0.0,0.0,2.0,0.0,2.0,3.0,0.0,3.0,11.0,0.0,1.0,4.0,2.0,4.0,67.0,2.0,2.0,0.0,17.0,4.0,2.0,2.0,4.0,15.0,0.0,0.0,9.0,2.0,6.0,2.0,0.0,2.0,0.0,0.0,69.0,0.0,0.0,2.0,50.0,12.0,12.0,0.0,0.0,2.0,0.0,2.0,0.0,13.0,10.0,0.0,15.0,31.0,0.0,21.0,17.0,0.0,2.0,21.0,129.0,0.0,2.0,1.0,58.0,0.0,42.0,2.0,2.0,40.0,0.0,54.0,56.0,9.0,9.0,1.0,18.0,11.0,0.0,0.0
0.0,1.0,0.0,0.0,0.0,0.0,0.0,0.0,2.0,0.0,0.0,0.0,0.0,0.0,0.0,0.0,1.0,0.0,0.0,0.0,0.0,0.0,0.0,0.0,0.0,0.0,0.0,0.0,0.0,0.0,0.0,0.0,0.0,0.0,0.0,0.0,0.0,20.0,0.0,0.0,0.0,0.0,0.0,0.0,0.0,0.0,0.0,1.0,0.0,1.0,0.0,0.0,0.0,0.0,0.0,0.0,0.0,0.0,0.0,0.0,0.0,0.0,0.0,0.0,0.0,0.0,0.0,0.0,0.0,0.0,0.0,0.0,0.0,0.0,0.0,0.0,0.0,0.0,0.0,0.0,0.0,0.0,0.0,0.0,0.0,0.0,0.0,0.0,0.0,0.0,0.0,0.0,0.0,0.0,0.0,8.0,0.0,0.0,0.0,10.0,0.0,0.0,0.0,0.0,0.0,0.0,0.0,0.0,0.0,0.0,0.0,0.0,0.0,0.0,0.0
0.0,0.0,0.0,0.0,0.0,0.0,0.0,0.0,0.0,0.0,0.0,0.0,1.0,0.0,0.0,0.0,0.0,0.0,0.0,0.0,0.0,0.0,0.0,0.0,0.0,0.0,0.0,0.0,0.0,0.0,0.0,0.0,0.0,0.0,0.0,0.0,0.0,0.0,269.0,0.0,0.0,0.0,1.0,0.0,0.0,19.0,0.0,35.0,0.0,0.0,0.0,0.0,1.0,0.0,0.0,0.0,0.0,0.0,0.0,0.0,0.0,0.0,0.0,0.0,0.0,0.0,0.0,0.0,0.0,0.0,0.0,0.0,0.0,0.0,0.0,0.0,0.0,0.0,0.0,0.0,0.0,0.0,0.0,0.0,0.0,0.0,0.0,0.0,0.0,0.0,0.0,0.0,0.0,0.0,0.0,10.0,0.0,0.0,0.0,9.0,0.0,22.0,0.0,0.0,0.0,0.0,2.0,2.0,0.0,0.0,0.0,0.0,0.0,0.0,0.0
0.0,0.0,0.0,0.0,0.0,0.0,0.0,0.0,0.0,4.0,8.0,0.0,0.0,0.0,0.0,0.0,4.0,0.0,0.0,0.0,0.0,0.0,0.0,0.0,0.0,0.0,0.0,0.0,0.0,0.0,0.0,4.0,0.0,0.0,0.0,0.0,0.0,0.0,12.0,50.0,0.0,0.0,10.0,0.0,0.0,1.0,0.0,13.0,0.0,4.0,8.0,0.0,6.0,0.0,0.0,0.0,0.0,0.0,0.0,0.0,0.0,4.0,0.0,0.0,0.0,37.0,0.0,0.0,5.0,0.0,0.0,4.0,0.0,0.0,0.0,0.0,0.0,4.0,0.0,0.0,0.0,0.0,0.0,0.0,0.0,0.0,0.0,0.0,0.0,0.0,0.0,0.0,0.0,0.0,0.0,31.0,0.0,0.0,0.0,10.0,0.0,6.0,0.0,0.0,0.0,0.0,12.0,12.0,0.0,0.0,0.0,0.0,0.0,0.0,0.0
8.0,0.0,0.0,0.0,0.0,0.0,0.0,0.0,0.0,0.0,0.0,0.0,0.0,0.0,0.0,0.0,0.0,0.0,0.0,0.0,0.0,0.0,0.0,0.0,0.0,0.0,0.0,0.0,23.0,0.0,0.0,0.0,0.0,0.0,0.0,0.0,0.0,0.0,0.0,0.0,33.0,0.0,0.0,0.0,0.0,0.0,0.0,0.0,0.0,0.0,0.0,0.0,0.0,0.0,0.0,0.0,0.0,0.0,0.0,0.0,0.0,0.0,0.0,0.0,0.0,0.0,0.0,0.0,0.0,0.0,0.0,0.0,8.0,0.0,8.0,0.0,0.0,0.0,8.0,8.0,8.0,0.0,0.0,0.0,0.0,0.0,40.0,0.0,1.0,8.0,0.0,6.0,0.0,0.0,0.0,22.0,0.0,0.0,0.0,21.0,0.0,8.0,0.0,0.0,0.0,0.0,0.0,0.0,0.0,0.0,0.0,0.0,0.0,0.0,0.0
1.0,0.0,0.0,1.0,0.0,1.0,0.0,4.0,2.0,0.0,7.0,0.0,0.0,0.0,0.0,0.0,21.0,0.0,0.0,0.0,0.0,0.0,0.0,0.0,0.0,0.0,0.0,22.0,22.0,0.0,0.0,0.0,1.0,7.0,0.0,0.0,3.0,0.0,0.0,3.0,4.0,76.0,11.0,4.0,4.0,0.0,0.0,1.0,11.0,0.0,10.0,39.0,5.0,4.0,0.0,5.0,6.0,4.0,6.0,0.0,10.0,2.0,6.0,12.0,3.0,9.0,5.0,0.0,3.0,0.0,0.0,4.0,0.0,0.0,0.0,0.0,0.0,0.0,0.0,0.0,0.0,0.0,0.0,0.0,2.0,0.0,0.0,0.0,0.0,0.0,0.0,2.0,0.0,0.0,0.0,54.0,1.0,0.0,1.0,29.0,0.0,16.0,0.0,0.0,0.0,0.0,2.0,2.0,1.0,1.0,0.0,0.0,1.0,0.0,0.0
2.0,0.0,0.0,2.0,0.0,3.0,0.0,4.0,5.0,0.0,10.0,0.0,0.0,0.0,0.0,67.0,31.0,0.0,0.0,0.0,0.0,5.0,0.0,0.0,0.0,0.0,0.0,41.0,19.0,0.0,8.0,26.0,16.0,11.0,0.0,0.0,4.0,0.0,0.0,8.0,6.0,7.0,718.0,13.0,7.0,0.0,1.0,0.0,14.0,2.0,14.0,60.0,12.0,14.0,0.0,19.0,9.0,6.0,10.0,1.0,19.0,3.0,8.0,19.0,5.0,20.0,23.0,0.0,8.0,0.0,0.0,6.0,1.0,0.0,0.0,0.0,4.0,5.0,1.0,0.0,1.0,0.0,0.0,0.0,3.0,8.0,0.0,3.0,12.0,0.0,4.0,1.0,0.0,2.0,0.0,406.0,11.0,0.0,1.0,191.0,0.0,44.0,0.0,0.0,0.0,0.0,18.0,6.0,1.0,1.0,0.0,0.0,1.0,0.0,0.0
0.0,0.0,0.0,0.0,0.0,0.0,0.0,0.0,0.0,0.0,0.0,0.0,0.0,0.0,0.0,0.0,11.0,0.0,0.0,0.0,0.0,0.0,0.0,0.0,0.0,0.0,0.0,5.0,1.0,0.0,0.0,0.0,4.0,0.0,0.0,0.0,0.0,0.0,0.0,0.0,0.0,0.0,28.0,70.0,0.0,0.0,0.0,0.0,0.0,0.0,0.0,0.0,0.0,1.0,0.0,15.0,0.0,0.0,0.0,0.0,0.0,0.0,0.0,0.0,0.0,0.0,2.0,0.0,0.0,0.0,0.0,0.0,0.0,0.0,0.0,0.0,0.0,0.0,0.0,0.0,0.0,0.0,0.0,0.0,0.0,1.0,0.0,0.0,0.0,0.0,0.0,0.0,0.0,1.0,0.0,20.0,0.0,0.0,2.0,3.0,0.0,0.0,0.0,0.0,0.0,0.0,12.0,0.0,0.0,0.0,0.0,0.0,0.0,0.0,0.0
4.0,1.0,0.0,3.0,0.0,3.0,0.0,1.0,5.0,9.0,9.0,0.0,2.0,1.0,1.0,0.0,28.0,0.0,0.0,0.0,0.0,0.0,0.0,0.0,2.0,0.0,0.0,10.0,80.0,0.0,1.0,1.0,18.0,8.0,5.0,1.0,2.0,0.0,0.0,2.0,1.0,4.0,4.0,0.0,1179.0,5.0,2.0,3.0,4.0,3.0,4.0,34.0,12.0,2.0,3.0,13.0,4.0,2.0,2.0,0.0,10.0,0.0,0.0,11.0,4.0,9.0,2.0,3.0,2.0,0.0,0.0,30.0,1.0,1.0,0.0,0.0,4.0,4.0,3.0,0.0,0.0,0.0,0.0,0.0,8.0,4.0,0.0,0.0,9.0,2.0,3.0,17.0,0.0,0.0,3.0,110.0,3.0,2.0,15.0,102.0,0.0,66.0,1.0,0.0,8.0,0.0,12.0,12.0,2.0,2.0,1.0,7.0,2.0,0.0,0.0
6.0,0.0,8.0,4.0,2.0,2.0,0.0,6.0,2.0,2.0,17.0,0.0,0.0,0.0,0.0,8.0,10.0,0.0,0.0,0.0,0.0,0.0,0.0,0.0,0.0,2.0,0.0,12.0,28.0,0.0,8.0,3.0,47.0,6.0,4.0,0.0,23.0,0.0,0.0,2.0,4.0,4.0,18.0,4.0,8.0,179.0,5.0,5.0,0.0,6.0,4.0,35.0,14.0,0.0,4.0,5.0,0.0,0.0,0.0,0.0,34.0,2.0,6.0,3.0,4.0,16.0,5.0,7.0,2.0,0.0,0.0,76.0,2.0,4.0,2.0,2.0,4.0,8.0,0.0,0.0,2.0,0.0,0.0,2.0,12.0,9.0,0.0,3.0,37.0,0.0,9.0,15.0,2.0,4.0,4.0,70.0,0.0,4.0,2.0,28.0,0.0,30.0,4.0,0.0,20.0,0.0,60.0,57.0,8.0,7.0,0.0,18.0,6.0,0.0,4.0
1.0,0.0,0.0,0.0,0.0,1.0,0.0,0.0,3.0,0.0,1.0,0.0,0.0,0.0,1.0,0.0,5.0,0.0,0.0,0.0,0.0,0.0,0.0,0.0,1.0,0.0,0.0,0.0,1.0,0.0,0.0,0.0,9.0,1.0,0.0,0.0,0.0,0.0,0.0,0.0,0.0,1.0,0.0,0.0,2.0,26.0,42.0,2.0,33.0,5.0,0.0,2.0,0.0,1.0,2.0,2.0,0.0,0.0,0.0,0.0,1.0,0.0,0.0,3.0,1.0,1.0,2.0,0.0,0.0,0.0,0.0,12.0,0.0,1.0,0.0,0.0,1.0,1.0,1.0,0.0,0.0,0.0,0.0,0.0,1.0,1.0,0.0,0.0,4.0,1.0,1.0,6.0,0.0,0.0,0.0,29.0,0.0,1.0,0.0,22.0,0.0,5.0,0.0,0.0,2.0,0.0,3.0,0.0,0.0,0.0,0.0,2.0,0.0,0.0,0.0
0.0,0.0,1.0,2.0,0.0,1.0,0.0,0.0,1.0,0.0,2.0,0.0,0.0,0.0,0.0,2.0,2.0,0.0,0.0,0.0,0.0,0.0,0.0,0.0,0.0,0.0,0.0,0.0,2.0,0.0,1.0,0.0,17.0,2.0,4.0,0.0,3.0,5.0,0.0,4.0,0.0,0.0,0.0,0.0,4.0,33.0,7.0,183.0,124.0,0.0,0.0,2.0,0.0,2.0,0.0,1.0,0.0,0.0,0.0,1.0,3.0,0.0,0.0,1.0,6.0,16.0,4.0,2.0,4.0,0.0,0.0,37.0,0.0,0.0,0.0,0.0,3.0,3.0,0.0,0.0,0.0,0.0,0.0,0.0,1.0,4.0,0.0,1.0,7.0,0.0,4.0,6.0,0.0,0.0,3.0,68.0,0.0,0.0,0.0,26.0,0.0,16.0,2.0,0.0,4.0,0.0,28.0,26.0,3.0,3.0,1.0,6.0,3.0,0.0,0.0
2.0,0.0,1.0,0.0,0.0,1.0,0.0,6.0,0.0,0.0,2.0,0.0,0.0,0.0,0.0,1.0,4.0,0.0,0.0,0.0,0.0,0.0,0.0,0.0,0.0,0.0,0.0,0.0,25.0,0.0,3.0,0.0,17.0,3.0,3.0,0.0,0.0,0.0,0.0,1.0,0.0,1.0,5.0,0.0,2.0,8.0,5.0,17.0,128.0,1.0,0.0,4.0,1.0,0.0,1.0,2.0,0.0,0.0,1.0,0.0,5.0,0.0,1.0,3.0,2.0,7.0,2.0,4.0,1.0,0.0,0.0,4.0,0.0,1.0,0.0,0.0,1.0,1.0,0.0,0.0,0.0,0.0,0.0,0.0,3.0,2.0,0.0,0.0,6.0,0.0,3.0,4.0,0.0,0.0,2.0,71.0,8.0,1.0,0.0,27.0,0.0,10.0,1.0,0.0,8.0,0.0,25.0,25.0,3.0,4.0,0.0,6.0,3.0,0.0,1.0
1.0,0.0,0.0,1.0,0.0,1.0,0.0,0.0,0.0,1.0,16.0,0.0,0.0,0.0,0.0,29.0,5.0,0.0,0.0,0.0,0.0,0.0,0.0,0.0,0.0,0.0,0.0,14.0,2.0,0.0,8.0,0.0,11.0,3.0,0.0,0.0,1.0,0.0,0.0,1.0,0.0,2.0,4.0,0.0,2.0,1.0,0.0,0.0,2.0,424.0,2.0,18.0,7.0,1.0,0.0,11.0,2.0,1.0,1.0,9.0,7.0,0.0,1.0,6.0,1.0,6.0,1.0,3.0,1.0,0.0,0.0,41.0,1.0,0.0,3.0,0.0,2.0,2.0,2.0,0.0,1.0,0.0,0.0,0.0,2.0,0.0,0.0,1.0,0.0,0.0,2.0,0.0,0.0,1.0,0.0,161.0,0.0,1.0,0.0,66.0,0.0,79.0,0.0,0.0,0.0,0.0,10.0,5.0,1.0,1.0,0.0,2.0,1.0,0.0,0.0
0.0,0.0,0.0,45.0,0.0,3.0,0.0,0.0,4.0,0.0,4.0,0.0,0.0,2.0,0.0,4.0,26.0,0.0,0.0,0.0,0.0,0.0,0.0,0.0,0.0,0.0,0.0,24.0,2.0,0.0,0.0,0.0,7.0,8.0,0.0,0.0,182.0,0.0,0.0,2.0,8.0,4.0,12.0,8.0,4.0,0.0,0.0,0.0,8.0,0.0,535.0,91.0,9.0,9.0,0.0,25.0,4.0,4.0,8.0,0.0,65.0,4.0,8.0,10.0,2.0,6.0,14.0,0.0,14.0,0.0,0.0,45.0,0.0,0.0,0.0,45.0,0.0,0.0,0.0,0.0,0.0,0.0,0.0,0.0,4.0,5.0,0.0,0.0,12.0,0.0,0.0,0.0,0.0,0.0,0.0,284.0,4.0,0.0,0.0,133.0,0.0,40.0,0.0,0.0,0.0,0.0,5.0,0.0,0.0,0.0,0.0,0.0,0.0,0.0,0.0
54.0,0.0,1.0,82.0,0.0,0.0,0.0,3.0,2.0,0.0,1.0,0.0,0.0,20.0,0.0,1.0,24.0,0.0,0.0,0.0,0.0,0.0,0.0,0.0,0.0,0.0,0.0,6.0,1.0,0.0,2.0,0.0,545.0,2.0,0.0,0.0,333.0,0.0,0.0,1.0,2.0,1.0,3.0,26.0,1.0,1.0,0.0,0.0,2.0,0.0,6.0,4070.0,15.0,114.0,0.0,250.0,1.0,1.0,3.0,0.0,6.0,1.0,2.0,3.0,1.0,3.0,12.0,0.0,1.0,0.0,0.0,151.0,0.0,0.0,0.0,82.0,0.0,13.0,0.0,0.0,0.0,0.0,0.0,0.0,1.0,6.0,0.0,0.0,3.0,0.0,1.0,3.0,0.0,0.0,1.0,568.0,79.0,0.0,0.0,506.0,4.0,48.0,0.0,0.0,165.0,24.0,32.0,5.0,1.0,1.0,45.0,1.0,1.0,0.0,0.0
85.0,0.0,0.0,0.0,0.0,0.0,0.0,0.0,0.0,0.0,0.0,0.0,0.0,4.0,0.0,0.0,0.0,0.0,0.0,0.0,0.0,0.0,0.0,0.0,0.0,0.0,0.0,0.0,0.0,0.0,0.0,0.0,0.0,0.0,0.0,0.0,0.0,0.0,0.0,0.0,0.0,0.0,0.0,0.0,0.0,0.0,0.0,0.0,0.0,0.0,0.0,181.0,826.0,0.0,0.0,39.0,0.0,0.0,0.0,0.0,3.0,0.0,0.0,0.0,0.0,0.0,0.0,0.0,0.0,0.0,0.0,85.0,0.0,0.0,0.0,0.0,0.0,0.0,0.0,0.0,0.0,0.0,0.0,0.0,0.0,0.0,0.0,0.0,0.0,0.0,0.0,0.0,0.0,0.0,0.0,93.0,8.0,0.0,0.0,36.0,0.0,37.0,0.0,0.0,22.0,3.0,0.0,0.0,0.0,0.0,4.0,0.0,0.0,0.0,0.0
0.0,0.0,0.0,0.0,0.0,0.0,0.0,0.0,0.0,0.0,0.0,0.0,0.0,0.0,0.0,0.0,0.0,0.0,0.0,0.0,0.0,0.0,0.0,0.0,0.0,0.0,0.0,0.0,0.0,0.0,0.0,0.0,12.0,0.0,0.0,0.0,0.0,0.0,0.0,0.0,0.0,0.0,0.0,0.0,0.0,0.0,0.0,0.0,0.0,0.0,0.0,64.0,0.0,103.0,0.0,18.0,0.0,0.0,0.0,0.0,0.0,0.0,0.0,0.0,0.0,0.0,24.0,0.0,0.0,0.0,0.0,0.0,0.0,0.0,0.0,0.0,0.0,0.0,0.0,0.0,0.0,0.0,0.0,0.0,0.0,12.0,0.0,0.0,0.0,0.0,0.0,0.0,0.0,0.0,0.0,160.0,8.0,0.0,0.0,288.0,0.0,2.0,0.0,0.0,8.0,3.0,12.0,0.0,0.0,0.0,8.0,0.0,0.0,0.0,0.0
2.0,0.0,2.0,0.0,0.0,2.0,0.0,15.0,6.0,0.0,9.0,0.0,0.0,1.0,2.0,1.0,16.0,0.0,0.0,0.0,0.0,0.0,0.0,0.0,2.0,0.0,0.0,0.0,2.0,0.0,0.0,0.0,20.0,2.0,0.0,0.0,0.0,0.0,0.0,0.0,0.0,4.0,7.0,0.0,4.0,5.0,2.0,0.0,4.0,1.0,4.0,6.0,2.0,0.0,131.0,7.0,0.0,0.0,1.0,0.0,5.0,0.0,4.0,13.0,2.0,2.0,4.0,2.0,0.0,0.0,0.0,28.0,0.0,2.0,0.0,0.0,2.0,2.0,2.0,0.0,0.0,0.0,0.0,0.0,3.0,1.0,0.0,0.0,11.0,2.0,4.0,8.0,0.0,0.0,1.0,58.0,2.0,3.0,0.0,7.0,0.0,12.0,0.0,0.0,4.0,0.0,9.0,9.0,3.0,3.0,0.0,5.0,3.0,0.0,0.0
7.0,0.0,14.0,1.0,0.0,5.0,0.0,4.0,20.0,0.0,37.0,0.0,0.0,7.0,2.0,17.0,70.0,0.0,0.0,0.0,0.0,3.0,0.0,0.0,4.0,0.0,0.0,22.0,60.0,0.0,0.0,0.0,38.0,12.0,2.0,2.0,34.0,0.0,0.0,3.0,4.0,9.0,14.0,11.0,11.0,14.0,2.0,0.0,10.0,1.0,10.0,43.0,6.0,5.0,6.0,345.0,6.0,4.0,6.0,0.0,19.0,2.0,6.0,18.0,7.0,16.0,7.0,6.0,3.0,0.0,0.0,40.0,2.0,2.0,0.0,0.0,7.0,7.0,5.0,0.0,0.0,0.0,0.0,0.0,15.0,9.0,0.0,7.0,37.0,3.0,9.0,31.0,0.0,0.0,8.0,185.0,4.0,4.0,5.0,47.0,0.0,39.0,1.0,0.0,24.0,0.0,45.0,37.0,8.0,8.0,0.0,14.0,8.0,0.0,0.0
6.0,0.0,0.0,6.0,0.0,6.0,0.0,3.0,2.0,0.0,21.0,0.0,0.0,0.0,0.0,0.0,61.0,0.0,0.0,0.0,0.0,0.0,0.0,0.0,0.0,0.0,0.0,63.0,20.0,0.0,0.0,0.0,2.0,21.0,0.0,0.0,11.0,0.0,0.0,10.0,6.0,12.0,24.0,4.0,12.0,0.0,0.0,0.0,24.0,0.0,24.0,101.0,13.0,12.0,0.0,33.0,40.0,14.0,15.0,0.0,26.0,3.0,6.0,35.0,10.0,30.0,14.0,0.0,10.0,0.0,0.0,0.0,0.0,0.0,0.0,0.0,0.0,0.0,0.0,0.0,0.0,0.0,0.0,0.0,4.0,0.0,0.0,0.0,0.0,0.0,0.0,0.0,0.0,0.0,0.0,10.0,0.0,0.0,3.0,2.0,0.0,3.0,0.0,0.0,0.0,0.0,0.0,0.0,0.0,0.0,0.0,0.0,0.0,0.0,0.0
1.0,0.0,0.0,1.0,0.0,1.0,0.0,0.0,0.0,0.0,2.0,0.0,0.0,0.0,0.0,0.0,6.0,0.0,0.0,0.0,0.0,0.0,0.0,0.0,0.0,0.0,0.0,5.0,1.0,0.0,0.0,0.0,0.0,2.0,0.0,0.0,1.0,0.0,0.0,1.0,0.0,1.0,2.0,0.0,1.0,0.0,0.0,0.0,2.0,0.0,2.0,9.0,2.0,1.0,0.0,8.0,6.0,38.0,1.0,0.0,2.0,0.0,0.0,3.0,1.0,3.0,2.0,0.0,1.0,0.0,0.0,0.0,0.0,0.0,0.0,0.0,0.0,0.0,0.0,0.0,0.0,0.0,0.0,0.0,0.0,0.0,0.0,0.0,0.0,0.0,0.0,0.0,0.0,0.0,0.0,24.0,2.0,0.0,0.0,2.0,0.0,1.0,0.0,0.0,0.0,0.0,0.0,0.0,0.0,0.0,0.0,0.0,0.0,0.0,0.0
2.0,0.0,0.0,3.0,0.0,4.0,0.0,2.0,9.0,0.0,14.0,0.0,1.0,0.0,0.0,0.0,41.0,0.0,0.0,0.0,0.0,0.0,0.0,0.0,0.0,2.0,0.0,50.0,27.0,0.0,0.0,0.0,12.0,16.0,0.0,0.0,6.0,0.0,0.0,7.0,10.0,9.0,21.0,12.0,13.0,0.0,1.0,0.0,18.0,0.0,20.0,82.0,9.0,9.0,0.0,9.0,13.0,9.0,173.0,3.0,20.0,5.0,10.0,24.0,7.0,25.0,9.0,2.0,7.0,0.0,0.0,5.0,0.0,0.0,0.0,0.0,6.0,6.0,0.0,0.0,0.0,0.0,0.0,0.0,4.0,0.0,0.0,0.0,0.0,0.0,6.0,0.0,0.0,0.0,0.0,10.0,3.0,0.0,2.0,36.0,0.0,21.0,0.0,0.0,0.0,0.0,2.0,4.0,0.0,0.0,0.0,0.0,0.0,0.0,0.0
0.0,1.0,0.0,0.0,0.0,0.0,0.0,0.0,1.0,0.0,0.0,0.0,0.0,0.0,0.0,0.0,5.0,0.0,0.0,0.0,0.0,5.0,0.0,7.0,0.0,0.0,0.0,0.0,1.0,0.0,0.0,0.0,0.0,0.0,0.0,0.0,0.0,0.0,0.0,0.0,0.0,0.0,0.0,0.0,0.0,0.0,0.0,0.0,0.0,1.0,0.0,0.0,0.0,0.0,0.0,0.0,0.0,0.0,19.0,56.0,0.0,0.0,0.0,0.0,0.0,0.0,0.0,0.0,0.0,0.0,0.0,0.0,0.0,0.0,0.0,0.0,0.0,0.0,0.0,0.0,0.0,0.0,0.0,0.0,0.0,0.0,0.0,0.0,0.0,0.0,0.0,0.0,0.0,0.0,0.0,2.0,0.0,0.0,0.0,6.0,0.0,5.0,0.0,0.0,0.0,0.0,0.0,0.0,0.0,0.0,0.0,0.0,0.0,0.0,0.0
12.0,0.0,8.0,21.0,9.0,5.0,0.0,2.0,9.0,11.0,56.0,0.0,1.0,0.0,0.0,85.0,39.0,0.0,0.0,0.0,0.0,0.0,0.0,0.0,0.0,9.0,0.0,125.0,255.0,0.0,20.0,14.0,60.0,30.0,9.0,0.0,39.0,0.0,1.0,5.0,18.0,15.0,50.0,18.0,34.0,24.0,9.0,9.0,10.0,26.0,71.0,104.0,27.0,5.0,9.0,10.0,10.0,5.0,5.0,0.0,1070.0,26.0,38.0,16.0,7.0,26.0,5.0,1.0,14.0,0.0,0.0,114.0,10.0,9.0,9.0,9.0,16.0,36.0,5.0,0.0,9.0,0.0,0.0,9.0,22.0,21.0,0.0,6.0,42.0,1.0,19.0,11.0,9.0,18.0,3.0,456.0,0.0,10.0,2.0,264.0,0.0,119.0,13.0,0.0,16.0,0.0,66.0,48.0,18.0,5.0,0.0,23.0,5.0,0.0,9.0
0.0,0.0,1.0,0.0,0.0,0.0,0.0,0.0,0.0,0.0,4.0,0.0,0.0,3.0,0.0,2.0,0.0,0.0,0.0,0.0,0.0,0.0,0.0,0.0,0.0,0.0,0.0,0.0,1.0,0.0,0.0,0.0,0.0,0.0,0.0,0.0,0.0,0.0,0.0,0.0,0.0,0.0,0.0,0.0,0.0,0.0,0.0,0.0,0.0,0.0,0.0,16.0,14.0,0.0,0.0,6.0,0.0,0.0,0.0,0.0,24.0,583.0,0.0,3.0,0.0,0.0,0.0,2.0,6.0,0.0,0.0,0.0,0.0,0.0,0.0,0.0,0.0,0.0,0.0,0.0,0.0,0.0,0.0,0.0,0.0,0.0,0.0,0.0,0.0,0.0,0.0,0.0,0.0,84.0,0.0,49.0,2.0,0.0,0.0,51.0,0.0,27.0,0.0,0.0,0.0,0.0,0.0,0.0,1.0,0.0,0.0,0.0,0.0,0.0,0.0
0.0,0.0,0.0,0.0,0.0,0.0,0.0,0.0,0.0,0.0,7.0,0.0,0.0,5.0,0.0,2.0,0.0,0.0,0.0,0.0,0.0,0.0,0.0,0.0,0.0,0.0,0.0,0.0,8.0,0.0,3.0,0.0,0.0,0.0,0.0,0.0,0.0,0.0,0.0,0.0,0.0,0.0,0.0,0.0,0.0,0.0,0.0,0.0,0.0,0.0,0.0,0.0,0.0,0.0,0.0,23.0,0.0,0.0,0.0,0.0,26.0,0.0,186.0,0.0,0.0,0.0,0.0,0.0,0.0,0.0,0.0,8.0,0.0,0.0,0.0,0.0,0.0,0.0,0.0,0.0,0.0,0.0,0.0,0.0,0.0,0.0,0.0,0.0,0.0,0.0,0.0,0.0,0.0,0.0,0.0,97.0,7.0,0.0,0.0,79.0,0.0,24.0,0.0,0.0,0.0,0.0,0.0,0.0,0.0,0.0,0.0,0.0,0.0,0.0,0.0
0.0,0.0,2.0,9.0,0.0,0.0,0.0,6.0,0.0,0.0,10.0,0.0,0.0,8.0,0.0,0.0,3.0,0.0,0.0,0.0,0.0,0.0,0.0,0.0,0.0,1.0,0.0,7.0,7.0,0.0,6.0,0.0,80.0,2.0,4.0,0.0,0.0,0.0,0.0,0.0,0.0,3.0,11.0,0.0,6.0,1.0,1.0,3.0,5.0,5.0,4.0,5.0,5.0,1.0,0.0,13.0,0.0,0.0,3.0,0.0,5.0,0.0,5.0,637.0,0.0,4.0,4.0,5.0,0.0,0.0,0.0,9.0,2.0,0.0,0.0,0.0,3.0,4.0,3.0,0.0,1.0,0.0,0.0,0.0,1.0,3.0,0.0,0.0,1.0,0.0,3.0,3.0,0.0,3.0,0.0,129.0,11.0,1.0,0.0,104.0,0.0,7.0,0.0,0.0,0.0,0.0,23.0,22.0,3.0,4.0,2.0,4.0,3.0,0.0,0.0
0.0,0.0,0.0,0.0,0.0,0.0,0.0,0.0,0.0,5.0,10.0,0.0,0.0,0.0,0.0,0.0,5.0,0.0,0.0,0.0,0.0,0.0,0.0,0.0,0.0,0.0,0.0,0.0,3.0,0.0,0.0,5.0,0.0,0.0,0.0,0.0,0.0,0.0,0.0,0.0,0.0,0.0,15.0,0.0,0.0,0.0,0.0,31.0,0.0,5.0,10.0,0.0,15.0,0.0,0.0,0.0,0.0,0.0,0.0,0.0,0.0,5.0,0.0,0.0,28.0,26.0,0.0,0.0,5.0,0.0,0.0,6.0,0.0,0.0,0.0,0.0,0.0,5.0,0.0,0.0,0.0,0.0,0.0,0.0,0.0,0.0,0.0,0.0,0.0,0.0,0.0,2.0,0.0,0.0,0.0,43.0,0.0,0.0,0.0,4.0,0.0,7.0,0.0,0.0,0.0,0.0,30.0,30.0,0.0,0.0,0.0,0.0,0.0,0.0,0.0
6.0,0.0,2.0,5.0,1.0,4.0,0.0,18.0,5.0,6.0,27.0,0.0,3.0,3.0,0.0,3.0,33.0,0.0,0.0,0.0,0.0,0.0,0.0,1.0,0.0,1.0,0.0,55.0,74.0,0.0,7.0,0.0,31.0,17.0,2.0,0.0,8.0,0.0,0.0,11.0,6.0,13.0,50.0,10.0,13.0,11.0,3.0,9.0,21.0,5.0,22.0,89.0,31.0,11.0,2.0,30.0,14.0,8.0,15.0,0.0,37.0,3.0,12.0,30.0,11.0,673.0,29.0,4.0,11.0,0.0,0.0,47.0,3.0,2.0,1.0,1.0,5.0,8.0,3.0,0.0,2.0,0.0,0.0,1.0,8.0,8.0,0.0,0.0,16.0,0.0,8.0,20.0,1.0,2.0,2.0,195.0,7.0,3.0,3.0,188.0,0.0,89.0,2.0,0.0,12.0,0.0,68.0,63.0,7.0,6.0,1.0,9.0,6.0,0.0,2.0
0.0,0.0,0.0,0.0,0.0,3.0,0.0,0.0,0.0,0.0,16.0,0.0,0.0,4.0,0.0,0.0,0.0,0.0,0.0,0.0,0.0,0.0,0.0,0.0,0.0,0.0,0.0,0.0,13.0,0.0,0.0,0.0,10.0,0.0,0.0,0.0,0.0,1.0,0.0,0.0,0.0,0.0,1.0,0.0,0.0,0.0,0.0,0.0,0.0,0.0,0.0,1.0,2.0,10.0,0.0,4.0,1.0,0.0,0.0,5.0,0.0,0.0,0.0,0.0,0.0,12.0,76.0,0.0,0.0,0.0,0.0,4.0,0.0,6.0,0.0,0.0,0.0,0.0,0.0,2.0,0.0,0.0,0.0,0.0,0.0,13.0,0.0,0.0,0.0,0.0,0.0,0.0,0.0,2.0,0.0,40.0,6.0,0.0,0.0,6.0,0.0,6.0,0.0,0.0,0.0,0.0,12.0,2.0,0.0,0.0,0.0,0.0,0.0,0.0,0.0
0.0,0.0,0.0,0.0,0.0,0.0,0.0,0.0,0.0,0.0,0.0,0.0,0.0,0.0,0.0,0.0,0.0,0.0,0.0,0.0,0.0,0.0,0.0,0.0,0.0,0.0,0.0,0.0,0.0,0.0,0.0,0.0,0.0,0.0,0.0,0.0,0.0,0.0,0.0,0.0,0.0,0.0,0.0,0.0,0.0,0.0,0.0,0.0,0.0,1.0,0.0,3.0,3.0,0.0,0.0,0.0,0.0,0.0,0.0,0.0,0.0,0.0,0.0,0.0,0.0,4.0,0.0,103.0,0.0,0.0,0.0,7.0,0.0,10.0,0.0,0.0,0.0,0.0,0.0,0.0,0.0,0.0,0.0,0.0,0.0,0.0,0.0,0.0,0.0,0.0,0.0,3.0,0.0,0.0,0.0,79.0,0.0,0.0,2.0,44.0,0.0,22.0,0.0,0.0,0.0,0.0,0.0,0.0,0.0,0.0,0.0,0.0,0.0,0.0,0.0
0.0,0.0,0.0,0.0,0.0,0.0,0.0,0.0,0.0,0.0,0.0,0.0,0.0,0.0,0.0,3.0,0.0,0.0,0.0,0.0,0.0,0.0,0.0,0.0,0.0,0.0,0.0,0.0,0.0,0.0,0.0,0.0,0.0,0.0,0.0,0.0,0.0,0.0,0.0,1.0,0.0,0.0,4.0,0.0,0.0,0.0,0.0,0.0,0.0,0.0,0.0,6.0,4.0,0.0,0.0,0.0,0.0,0.0,0.0,0.0,15.0,0.0,0.0,0.0,0.0,18.0,0.0,0.0,68.0,0.0,0.0,0.0,0.0,0.0,0.0,0.0,0.0,0.0,0.0,0.0,0.0,0.0,0.0,0.0,0.0,0.0,0.0,0.0,0.0,0.0,0.0,0.0,0.0,0.0,0.0,44.0,0.0,0.0,0.0,28.0,0.0,1.0,0.0,0.0,0.0,0.0,0.0,0.0,0.0,0.0,0.0,0.0,0.0,0.0,0.0
0.0,0.0,0.0,0.0,0.0,0.0,0.0,0.0,0.0,0.0,0.0,0.0,0.0,0.0,0.0,0.0,0.0,0.0,0.0,0.0,0.0,0.0,0.0,0.0,0.0,0.0,0.0,0.0,0.0,0.0,0.0,0.0,0.0,0.0,0.0,0.0,0.0,0.0,0.0,0.0,0.0,0.0,0.0,0.0,0.0,0.0,0.0,0.0,0.0,0.0,0.0,0.0,0.0,0.0,0.0,0.0,0.0,0.0,0.0,0.0,0.0,0.0,0.0,0.0,0.0,0.0,0.0,0.0,0.0,0.0,0.0,0.0,0.0,0.0,0.0,0.0,0.0,0.0,0.0,0.0,0.0,0.0,0.0,0.0,0.0,0.0,0.0,0.0,0.0,0.0,0.0,0.0,0.0,0.0,0.0,3.0,0.0,0.0,0.0,0.0,0.0,0.0,0.0,0.0,0.0,0.0,0.0,0.0,0.0,0.0,0.0,0.0,0.0,0.0,0.0
0.0,0.0,0.0,0.0,0.0,0.0,0.0,0.0,0.0,0.0,0.0,0.0,0.0,0.0,0.0,0.0,0.0,0.0,0.0,0.0,0.0,0.0,0.0,0.0,0.0,0.0,0.0,0.0,0.0,0.0,0.0,0.0,26.0,0.0,0.0,0.0,0.0,0.0,0.0,0.0,0.0,0.0,0.0,0.0,0.0,0.0,0.0,0.0,0.0,0.0,0.0,0.0,0.0,0.0,0.0,0.0,0.0,0.0,0.0,0.0,0.0,0.0,0.0,0.0,0.0,0.0,0.0,0.0,0.0,0.0,56.0,0.0,0.0,0.0,0.0,0.0,0.0,0.0,0.0,0.0,0.0,0.0,0.0,0.0,0.0,0.0,0.0,0.0,0.0,0.0,0.0,0.0,0.0,0.0,0.0,32.0,0.0,0.0,0.0,1.0,0.0,6.0,0.0,0.0,0.0,0.0,0.0,0.0,0.0,0.0,0.0,0.0,0.0,0.0,0.0
34.0,0.0,18.0,17.0,0.0,32.0,0.0,25.0,18.0,46.0,56.0,0.0,2.0,4.0,4.0,56.0,192.0,0.0,0.0,0.0,0.0,0.0,0.0,0.0,15.0,0.0,0.0,9.0,40.0,0.0,55.0,4.0,219.0,27.0,8.0,3.0,92.0,0.0,0.0,0.0,5.0,23.0,51.0,0.0,46.0,84.0,15.0,0.0,0.0,36.0,2.0,93.0,19.0,0.0,44.0,50.0,0.0,0.0,5.0,6.0,88.0,0.0,17.0,25.0,24.0,69.0,7.0,53.0,0.0,0.0,0.0,2838.0,31.0,13.0,11.0,14.0,186.0,226.0,72.0,46.0,39.0,8.0,5.0,12.0,221.0,48.0,40.0,14.0,196.0,45.0,204.0,94.0,22.0,21.0,63.0,882.0,3.0,22.0,15.0,319.0,2.0,493.0,41.0,0.0,131.0,0.0,276.0,259.0,63.0,56.0,2.0,102.0,54.0,0.0,7.0
63.0,0.0,0.0,0.0,0.0,1.0,0.0,0.0,3.0,0.0,1.0,0.0,0.0,0.0,1.0,0.0,5.0,0.0,0.0,0.0,0.0,0.0,0.0,0.0,1.0,0.0,0.0,0.0,1.0,0.0,0.0,0.0,9.0,1.0,0.0,0.0,0.0,0.0,0.0,0.0,0.0,1.0,3.0,0.0,2.0,2.0,1.0,0.0,0.0,0.0,0.0,111.0,2.0,1.0,2.0,2.0,0.0,0.0,0.0,0.0,1.0,0.0,0.0,5.0,1.0,2.0,2.0,0.0,0.0,0.0,0.0,126.0,64.0,1.0,8.0,0.0,2.0,3.0,10.0,8.0,9.0,0.0,0.0,0.0,1.0,1.0,40.0,0.0,4.0,9.0,2.0,3.0,0.0,0.0,0.0,59.0,0.0,1.0,0.0,84.0,0.0,22.0,0.0,0.0,0.0,0.0,3.0,2.0,0.0,0.0,0.0,2.0,0.0,0.0,0.0
0.0,0.0,0.0,0.0,0.0,0.0,0.0,0.0,0.0,0.0,0.0,0.0,0.0,0.0,0.0,0.0,0.0,0.0,0.0,0.0,0.0,0.0,0.0,0.0,0.0,0.0,0.0,0.0,0.0,0.0,0.0,0.0,0.0,0.0,0.0,0.0,0.0,0.0,0.0,0.0,0.0,0.0,0.0,0.0,0.0,0.0,0.0,0.0,0.0,0.0,0.0,1.0,1.0,0.0,0.0,0.0,0.0,0.0,0.0,0.0,0.0,0.0,0.0,0.0,0.0,0.0,0.0,0.0,0.0,0.0,0.0,13.0,0.0,17.0,0.0,0.0,0.0,0.0,0.0,0.0,0.0,0.0,0.0,0.0,0.0,0.0,0.0,0.0,0.0,0.0,0.0,1.0,0.0,0.0,0.0,6.0,0.0,0.0,0.0,5.0,0.0,2.0,0.0,0.0,0.0,0.0,0.0,0.0,0.0,0.0,0.0,0.0,0.0,0.0,0.0
8.0,0.0,0.0,0.0,0.0,0.0,0.0,0.0,0.0,0.0,0.0,0.0,0.0,0.0,0.0,0.0,0.0,0.0,0.0,0.0,0.0,0.0,0.0,0.0,0.0,0.0,0.0,0.0,0.0,0.0,0.0,0.0,0.0,0.0,0.0,0.0,0.0,0.0,0.0,0.0,0.0,0.0,0.0,0.0,0.0,0.0,0.0,0.0,0.0,3.0,0.0,0.0,0.0,0.0,0.0,0.0,0.0,0.0,0.0,0.0,0.0,0.0,0.0,0.0,0.0,0.0,0.0,0.0,0.0,0.0,0.0,14.0,8.0,0.0,11.0,0.0,0.0,0.0,8.0,8.0,8.0,0.0,0.0,0.0,1.0,0.0,40.0,0.0,1.0,8.0,0.0,0.0,0.0,0.0,0.0,6.0,0.0,0.0,0.0,6.0,0.0,0.0,0.0,0.0,0.0,0.0,0.0,0.0,0.0,0.0,0.0,0.0,0.0,0.0,0.0
0.0,0.0,0.0,1.0,0.0,0.0,0.0,0.0,0.0,0.0,0.0,0.0,0.0,0.0,0.0,0.0,0.0,0.0,0.0,0.0,0.0,0.0,0.0,0.0,0.0,0.0,0.0,0.0,0.0,0.0,0.0,0.0,0.0,0.0,0.0,0.0,9.0,0.0,0.0,0.0,0.0,0.0,0.0,0.0,0.0,0.0,0.0,0.0,0.0,0.0,0.0,1.0,0.0,0.0,0.0,0.0,0.0,0.0,0.0,0.0,0.0,0.0,0.0,0.0,0.0,0.0,0.0,0.0,0.0,0.0,0.0,8.0,0.0,0.0,0.0,2.0,0.0,0.0,0.0,0.0,0.0,0.0,0.0,0.0,0.0,0.0,0.0,0.0,0.0,0.0,0.0,0.0,0.0,0.0,0.0,0.0,0.0,0.0,0.0,3.0,0.0,0.0,0.0,0.0,0.0,0.0,0.0,0.0,0.0,0.0,0.0,0.0,0.0,0.0,0.0
8.0,0.0,0.0,0.0,0.0,0.0,0.0,0.0,0.0,0.0,0.0,0.0,0.0,0.0,0.0,0.0,0.0,0.0,0.0,0.0,0.0,0.0,0.0,0.0,0.0,0.0,0.0,0.0,0.0,0.0,5.0,0.0,8.0,2.0,0.0,0.0,0.0,0.0,0.0,0.0,1.0,1.0,4.0,0.0,3.0,0.0,0.0,0.0,0.0,2.0,1.0,3.0,4.0,3.0,0.0,1.0,0.0,0.0,0.0,0.0,4.0,0.0,0.0,4.0,0.0,2.0,6.0,0.0,0.0,0.0,0.0,186.0,10.0,0.0,8.0,0.0,397.0,101.0,24.0,14.0,16.0,0.0,0.0,0.0,14.0,3.0,40.0,2.0,5.0,14.0,26.0,12.0,0.0,0.0,3.0,124.0,0.0,1.0,0.0,122.0,0.0,67.0,3.0,0.0,1.0,0.0,7.0,4.0,1.0,1.0,1.0,2.0,1.0,0.0,0.0
8.0,0.0,0.0,0.0,0.0,0.0,0.0,0.0,0.0,0.0,1.0,0.0,0.0,0.0,0.0,2.0,0.0,0.0,0.0,0.0,0.0,0.0,0.0,0.0,0.0,0.0,0.0,0.0,0.0,0.0,1.0,0.0,6.0,2.0,0.0,0.0,0.0,0.0,0.0,0.0,1.0,1.0,3.0,0.0,3.0,0.0,0.0,0.0,0.0,2.0,1.0,9.0,4.0,2.0,0.0,1.0,0.0,0.0,0.0,0.0,15.0,0.0,0.0,3.0,0.0,1.0,4.0,0.0,0.0,0.0,0.0,210.0,9.0,0.0,8.0,0.0,106.0,841.0,20.0,11.0,16.0,53.0,0.0,0.0,12.0,2.0,40.0,4.0,6.0,10.0,26.0,8.0,0.0,0.0,15.0,230.0,0.0,5.0,0.0,179.0,0.0,75.0,4.0,0.0,1.0,0.0,6.0,4.0,1.0,1.0,1.0,3.0,1.0,0.0,0.0
8.0,0.0,0.0,0.0,0.0,0.0,0.0,0.0,0.0,0.0,1.0,0.0,0.0,0.0,0.0,0.0,0.0,0.0,0.0,0.0,0.0,0.0,0.0,0.0,0.0,0.0,0.0,0.0,0.0,0.0,2.0,0.0,3.0,1.0,0.0,0.0,0.0,0.0,0.0,0.0,0.0,0.0,3.0,0.0,1.0,0.0,0.0,0.0,0.0,0.0,0.0,5.0,6.0,1.0,0.0,1.0,0.0,0.0,0.0,0.0,1.0,0.0,0.0,2.0,0.0,1.0,2.0,0.0,0.0,0.0,0.0,128.0,9.0,0.0,8.0,0.0,9.0,10.0,202.0,9.0,16.0,0.0,0.0,0.0,7.0,1.0,80.0,0.0,1.0,9.0,9.0,6.0,0.0,0.0,1.0,79.0,0.0,0.0,0.0,108.0,0.0,23.0,2.0,0.0,0.0,0.0,7.0,6.0,1.0,1.0,0.0,3.0,1.0,0.0,0.0
8.0,0.0,0.0,0.0,0.0,0.0,2.0,0.0,0.0,0.0,1.0,0.0,0.0,0.0,0.0,0.0,0.0,0.0,0.0,0.0,0.0,0.0,0.0,0.0,0.0,0.0,0.0,0.0,0.0,0.0,0.0,0.0,0.0,0.0,0.0,0.0,0.0,0.0,0.0,0.0,0.0,0.0,0.0,0.0,0.0,0.0,0.0,0.0,0.0,0.0,0.0,0.0,0.0,0.0,0.0,0.0,0.0,0.0,0.0,0.0,0.0,0.0,0.0,0.0,0.0,0.0,0.0,0.0,0.0,0.0,0.0,44.0,8.0,0.0,8.0,0.0,2.0,2.0,10.0,28.0,9.0,0.0,0.0,0.0,3.0,1.0,40.0,0.0,1.0,8.0,2.0,1.0,0.0,0.0,1.0,6.0,0.0,0.0,0.0,17.0,0.0,28.0,1.0,0.0,0.0,0.0,0.0,0.0,0.0,0.0,0.0,1.0,0.0,0.0,0.0
8.0,0.0,0.0,0.0,0.0,0.0,0.0,0.0,0.0,0.0,0.0,0.0,0.0,0.0,0.0,0.0,0.0,0.0,0.0,0.0,0.0,0.0,0.0,0.0,0.0,0.0,0.0,0.0,0.0,0.0,0.0,0.0,1.0,0.0,0.0,0.0,0.0,0.0,0.0,0.0,0.0,0.0,3.0,0.0,0.0,0.0,0.0,0.0,0.0,0.0,0.0,1.0,2.0,1.0,0.0,0.0,0.0,0.0,0.0,0.0,0.0,0.0,0.0,2.0,0.0,1.0,2.0,0.0,0.0,0.0,0.0,47.0,9.0,0.0,8.0,0.0,8.0,9.0,14.0,9.0,115.0,0.0,0.0,1.0,2.0,1.0,57.0,0.0,2.0,8.0,7.0,0.0,1.0,0.0,1.0,80.0,0.0,0.0,0.0,98.0,0.0,34.0,2.0,0.0,0.0,0.0,3.0,2.0,0.0,0.0,0.0,1.0,0.0,0.0,0.0
0.0,0.0,0.0,0.0,0.0,1.0,0.0,0.0,0.0,0.0,0.0,0.0,0.0,0.0,0.0,1.0,0.0,0.0,0.0,0.0,0.0,0.0,0.0,0.0,0.0,0.0,0.0,0.0,0.0,0.0,0.0,0.0,0.0,0.0,0.0,0.0,0.0,0.0,0.0,0.0,0.0,0.0,0.0,0.0,0.0,0.0,0.0,0.0,0.0,0.0,0.0,0.0,0.0,0.0,0.0,0.0,0.0,0.0,0.0,0.0,0.0,0.0,0.0,0.0,0.0,0.0,0.0,0.0,0.0,0.0,0.0,89.0,0.0,0.0,0.0,0.0,1.0,6.0,1.0,1.0,1.0,285.0,0.0,0.0,0.0,1.0,0.0,7.0,2.0,0.0,26.0,0.0,0.0,3.0,0.0,90.0,0.0,1.0,0.0,20.0,0.0,40.0,0.0,0.0,0.0,0.0,12.0,10.0,2.0,0.0,0.0,0.0,0.0,0.0,0.0
1.0,0.0,0.0,118.0,1.0,0.0,0.0,0.0,1.0,1.0,6.0,0.0,0.0,0.0,0.0,1.0,5.0,0.0,0.0,0.0,0.0,0.0,0.0,0.0,0.0,1.0,0.0,6.0,10.0,0.0,1.0,0.0,5.0,2.0,1.0,0.0,466.0,0.0,0.0,0.0,2.0,4.0,7.0,2.0,6.0,2.0,1.0,1.0,3.0,2.0,2.0,122.0,1.0,0.0,1.0,3.0,3.0,0.0,3.0,0.0,11.0,1.0,2.0,0.0,0.0,4.0,0.0,0.0,0.0,0.0,0.0,148.0,1.0,1.0,1.0,117.0,1.0,3.0,0.0,0.0,1.0,0.0,346.0,1.0,10.0,7.0,0.0,0.0,3.0,0.0,1.0,4.0,1.0,2.0,0.0,110.0,0.0,1.0,0.0,53.0,0.0,18.0,1.0,0.0,0.0,0.0,17.0,15.0,1.0,0.0,0.0,53.0,0.0,0.0,1.0
8.0,0.0,0.0,0.0,0.0,0.0,0.0,0.0,0.0,0.0,0.0,0.0,0.0,0.0,0.0,0.0,0.0,0.0,0.0,0.0,0.0,0.0,0.0,0.0,0.0,0.0,0.0,0.0,0.0,0.0,0.0,0.0,0.0,0.0,0.0,0.0,0.0,0.0,0.0,0.0,0.0,0.0,0.0,0.0,0.0,0.0,0.0,0.0,0.0,0.0,0.0,0.0,0.0,0.0,0.0,0.0,0.0,0.0,0.0,0.0,0.0,0.0,0.0,0.0,0.0,0.0,0.0,0.0,0.0,0.0,0.0,9.0,8.0,0.0,8.0,0.0,0.0,0.0,48.0,8.0,8.0,0.0,0.0,17.0,0.0,0.0,40.0,0.0,0.0,8.0,0.0,0.0,0.0,0.0,0.0,0.0,0.0,0.0,0.0,21.0,0.0,0.0,0.0,0.0,0.0,0.0,0.0,0.0,0.0,0.0,0.0,0.0,0.0,0.0,0.0
8.0,0.0,8.0,212.0,0.0,0.0,0.0,0.0,0.0,0.0,15.0,0.0,0.0,0.0,0.0,6.0,27.0,0.0,0.0,0.0,0.0,0.0,0.0,0.0,0.0,0.0,0.0,12.0,6.0,0.0,0.0,3.0,11.0,7.0,0.0,0.0,866.0,0.0,0.0,0.0,7.0,2.0,6.0,0.0,9.0,3.0,0.0,0.0,4.0,3.0,4.0,246.0,5.0,3.0,0.0,6.0,2.0,2.0,4.0,0.0,14.0,2.0,4.0,9.0,0.0,0.0,4.0,0.0,0.0,0.0,0.0,422.0,13.0,0.0,8.0,212.0,23.0,23.0,20.0,23.0,12.0,0.0,15.0,14.0,885.0,10.0,40.0,3.0,45.0,21.0,26.0,12.0,14.0,0.0,9.0,106.0,3.0,0.0,0.0,162.0,0.0,133.0,3.0,0.0,12.0,0.0,39.0,31.0,6.0,5.0,0.0,131.0,5.0,0.0,0.0
9.0,0.0,8.0,78.0,0.0,1.0,0.0,0.0,3.0,0.0,12.0,0.0,0.0,0.0,1.0,6.0,5.0,0.0,0.0,0.0,0.0,0.0,0.0,0.0,1.0,0.0,0.0,0.0,1.0,0.0,2.0,0.0,19.0,11.0,0.0,0.0,328.0,0.0,0.0,0.0,0.0,1.0,0.0,0.0,2.0,5.0,3.0,0.0,0.0,2.0,0.0,80.0,0.0,8.0,2.0,5.0,0.0,0.0,0.0,0.0,4.0,0.0,0.0,3.0,1.0,1.0,16.0,0.0,0.0,0.0,0.0,251.0,8.0,1.0,8.0,84.0,10.0,10.0,16.0,9.0,12.0,0.0,7.0,0.0,12.0,557.0,40.0,3.0,25.0,11.0,47.0,4.0,0.0,0.0,4.0,83.0,0.0,1.0,1.0,83.0,0.0,109.0,0.0,0.0,14.0,0.0,37.0,27.0,3.0,3.0,0.0,109.0,3.0,0.0,0.0
40.0,0.0,0.0,0.0,0.0,0.0,0.0,0.0,0.0,0.0,0.0,0.0,0.0,0.0,0.0,0.0,0.0,0.0,0.0,0.0,0.0,0.0,0.0,0.0,0.0,0.0,0.0,0.0,0.0,0.0,0.0,0.0,0.0,0.0,0.0,0.0,0.0,0.0,0.0,0.0,0.0,0.0,0.0,0.0,0.0,0.0,0.0,0.0,0.0,0.0,0.0,0.0,0.0,0.0,0.0,0.0,0.0,0.0,0.0,0.0,0.0,0.0,0.0,0.0,0.0,0.0,0.0,0.0,0.0,0.0,0.0,0.0,40.0,0.0,40.0,0.0,0.0,0.0,40.0,40.0,40.0,0.0,0.0,0.0,0.0,0.0,227.0,0.0,0.0,40.0,0.0,0.0,0.0,0.0,0.0,3.0,0.0,0.0,0.0,2.0,0.0,0.0,0.0,0.0,0.0,0.0,0.0,0.0,0.0,0.0,0.0,0.0,0.0,0.0,0.0
0.0,0.0,14.0,0.0,0.0,0.0,0.0,0.0,0.0,0.0,18.0,0.0,0.0,0.0,0.0,21.0,0.0,0.0,0.0,0.0,0.0,0.0,0.0,0.0,0.0,0.0,0.0,0.0,15.0,0.0,1.0,0.0,4.0,0.0,0.0,0.0,31.0,0.0,0.0,0.0,0.0,0.0,2.0,0.0,0.0,4.0,0.0,0.0,0.0,0.0,0.0,0.0,0.0,0.0,0.0,7.0,0.0,0.0,0.0,0.0,5.0,0.0,0.0,0.0,0.0,0.0,0.0,0.0,0.0,0.0,0.0,6.0,0.0,0.0,0.0,0.0,0.0,0.0,0.0,0.0,0.0,0.0,0.0,0.0,4.0,4.0,0.0,64.0,12.0,0.0,4.0,14.0,0.0,0.0,4.0,41.0,0.0,0.0,0.0,46.0,0.0,19.0,0.0,0.0,16.0,0.0,20.0,20.0,4.0,4.0,0.0,4.0,4.0,0.0,0.0
0.0,0.0,24.0,0.0,0.0,0.0,0.0,0.0,0.0,9.0,35.0,0.0,0.0,5.0,0.0,19.0,0.0,0.0,0.0,0.0,0.0,0.0,0.0,0.0,0.0,0.0,0.0,0.0,25.0,0.0,0.0,2.0,25.0,0.0,0.0,0.0,48.0,0.0,0.0,0.0,0.0,0.0,0.0,0.0,0.0,9.0,0.0,0.0,0.0,0.0,0.0,2.0,2.0,4.0,3.0,9.0,0.0,0.0,0.0,0.0,11.0,0.0,0.0,1.0,0.0,0.0,8.0,0.0,0.0,0.0,0.0,176.0,0.0,0.0,0.0,0.0,6.0,7.0,2.0,1.0,1.0,0.0,2.0,0.0,16.0,13.0,0.0,9.0,268.0,0.0,16.0,10.0,0.0,0.0,14.0,169.0,0.0,0.0,0.0,108.0,0.0,97.0,1.0,2.0,40.0,0.0,53.0,53.0,9.0,9.0,0.0,14.0,11.0,0.0,0.0
8.0,0.0,0.0,0.0,0.0,0.0,0.0,0.0,0.0,0.0,0.0,0.0,0.0,0.0,0.0,0.0,0.0,0.0,0.0,0.0,0.0,0.0,0.0,0.0,0.0,0.0,0.0,0.0,0.0,0.0,0.0,0.0,2.0,1.0,0.0,0.0,0.0,0.0,0.0,0.0,0.0,0.0,0.0,0.0,1.0,0.0,0.0,0.0,0.0,0.0,0.0,0.0,0.0,0.0,0.0,1.0,0.0,0.0,0.0,0.0,1.0,0.0,0.0,0.0,0.0,0.0,0.0,0.0,0.0,0.0,0.0,14.0,8.0,0.0,8.0,0.0,1.0,1.0,9.0,8.0,8.0,0.0,0.0,0.0,1.0,0.0,40.0,0.0,0.0,14.0,1.0,2.0,0.0,0.0,0.0,0.0,0.0,0.0,0.0,3.0,0.0,0.0,1.0,0.0,0.0,0.0,1.0,1.0,1.0,1.0,0.0,0.0,1.0,0.0,0.0
0.0,0.0,9.0,5.0,0.0,2.0,0.0,0.0,2.0,0.0,13.0,0.0,2.0,0.0,0.0,18.0,0.0,0.0,0.0,0.0,0.0,0.0,0.0,0.0,0.0,0.0,0.0,0.0,1.0,0.0,6.0,3.0,11.0,3.0,2.0,0.0,19.0,0.0,0.0,0.0,2.0,2.0,0.0,0.0,6.0,4.0,1.0,1.0,0.0,4.0,2.0,1.0,1.0,4.0,0.0,14.0,0.0,0.0,0.0,2.0,8.0,0.0,0.0,4.0,0.0,0.0,8.0,0.0,0.0,0.0,0.0,281.0,4.0,0.0,0.0,0.0,36.0,38.0,13.0,10.0,7.0,6.0,0.0,4.0,30.0,9.0,0.0,14.0,31.0,9.0,2071.0,9.0,4.0,0.0,12.0,148.0,0.0,2.0,0.0,269.0,0.0,159.0,4.0,0.0,18.0,0.0,31.0,27.0,6.0,6.0,3.0,11.0,6.0,0.0,0.0
3.0,0.0,12.0,0.0,0.0,2.0,0.0,0.0,3.0,0.0,19.0,0.0,0.0,0.0,1.0,16.0,19.0,0.0,0.0,0.0,0.0,0.0,0.0,0.0,2.0,0.0,0.0,0.0,18.0,0.0,0.0,0.0,19.0,3.0,1.0,1.0,24.0,0.0,0.0,0.0,0.0,2.0,1.0,0.0,4.0,7.0,1.0,0.0,0.0,0.0,0.0,3.0,0.0,0.0,3.0,11.0,0.0,0.0,0.0,0.0,5.0,0.0,0.0,3.0,2.0,3.0,0.0,3.0,0.0,0.0,0.0,80.0,1.0,1.0,0.0,0.0,5.0,5.0,4.0,0.0,0.0,0.0,0.0,0.0,10.0,4.0,0.0,6.0,16.0,2.0,6.0,79.0,0.0,0.0,4.0,81.0,0.0,2.0,2.0,47.0,0.0,23.0,1.0,0.0,12.0,0.0,18.0,18.0,4.0,4.0,0.0,7.0,4.0,0.0,0.0
8.0,0.0,0.0,0.0,0.0,0.0,0.0,0.0,0.0,0.0,0.0,0.0,0.0,0.0,0.0,0.0,0.0,0.0,0.0,0.0,0.0,0.0,0.0,0.0,0.0,0.0,0.0,0.0,0.0,0.0,0.0,0.0,0.0,0.0,0.0,0.0,0.0,0.0,0.0,0.0,0.0,0.0,0.0,0.0,0.0,0.0,0.0,0.0,0.0,0.0,0.0,0.0,0.0,0.0,0.0,0.0,0.0,0.0,0.0,0.0,0.0,0.0,0.0,0.0,0.0,0.0,0.0,0.0,0.0,0.0,0.0,13.0,8.0,0.0,8.0,0.0,0.0,0.0,38.0,8.0,8.0,0.0,0.0,0.0,0.0,0.0,53.0,0.0,0.0,8.0,0.0,0.0,32.0,0.0,0.0,0.0,0.0,0.0,0.0,24.0,0.0,1.0,0.0,0.0,0.0,0.0,0.0,0.0,0.0,0.0,0.0,0.0,0.0,0.0,0.0
0.0,1.0,0.0,0.0,0.0,0.0,0.0,0.0,0.0,0.0,18.0,0.0,0.0,9.0,0.0,2.0,0.0,0.0,0.0,0.0,0.0,0.0,0.0,0.0,0.0,2.0,2.0,0.0,2.0,0.0,6.0,0.0,6.0,0.0,0.0,0.0,0.0,0.0,0.0,0.0,0.0,0.0,14.0,0.0,8.0,0.0,0.0,0.0,0.0,15.0,0.0,6.0,0.0,3.0,0.0,0.0,0.0,0.0,6.0,0.0,0.0,0.0,0.0,2.0,0.0,6.0,4.0,0.0,0.0,0.0,0.0,114.0,0.0,0.0,0.0,0.0,0.0,2.0,0.0,0.0,0.0,1.0,2.0,0.0,9.0,3.0,0.0,2.0,0.0,0.0,0.0,0.0,0.0,117.0,0.0,119.0,2.0,0.0,1.0,65.0,0.0,20.0,0.0,0.0,0.0,0.0,26.0,17.0,2.0,0.0,0.0,1.0,0.0,0.0,0.0
4.0,0.0,9.0,0.0,0.0,2.0,0.0,0.0,0.0,0.0,12.0,0.0,0.0,0.0,0.0,12.0,0.0,0.0,0.0,0.0,0.0,0.0,0.0,0.0,0.0,0.0,0.0,0.0,0.0,0.0,6.0,0.0,23.0,3.0,2.0,0.0,19.0,0.0,0.0,0.0,0.0,2.0,4.0,0.0,3.0,10.0,0.0,0.0,0.0,0.0,0.0,4.0,0.0,0.0,2.0,8.0,0.0,0.0,0.0,0.0,11.0,0.0,2.0,0.0,2.0,8.0,0.0,7.0,0.0,0.0,0.0,107.0,0.0,2.0,0.0,0.0,10.0,10.0,6.0,4.0,1.0,0.0,0.0,0.0,16.0,6.0,0.0,6.0,21.0,2.0,14.0,9.0,0.0,0.0,496.0,117.0,0.0,0.0,0.0,33.0,0.0,57.0,4.0,0.0,24.0,0.0,37.0,37.0,14.0,9.0,0.0,11.0,9.0,0.0,2.0
6.0,0.0,42.0,10.0,2.0,21.0,0.0,3.0,13.0,5.0,168.0,0.0,3.0,30.0,2.0,40.0,25.0,0.0,0.0,0.0,0.0,0.0,0.0,0.0,2.0,2.0,0.0,13.0,35.0,2.0,14.0,0.0,77.0,8.0,5.0,0.0,86.0,0.0,1.0,0.0,4.0,6.0,12.0,4.0,14.0,26.0,5.0,3.0,2.0,13.0,6.0,63.0,33.0,18.0,7.0,23.0,0.0,1.0,0.0,3.0,46.0,2.0,7.0,20.0,3.0,8.0,37.0,9.0,0.0,0.0,0.0,145.0,2.0,10.0,2.0,2.0,14.0,20.0,2.0,7.0,2.0,0.0,0.0,2.0,23.0,55.0,0.0,17.0,70.0,2.0,31.0,36.0,2.0,13.0,19.0,2804.0,1.0,7.0,18.0,271.0,0.0,184.0,3.0,0.0,62.0,0.0,131.0,103.0,18.0,16.0,1.0,27.0,16.0,0.0,3.0
0.0,0.0,0.0,5.0,0.0,1.0,0.0,12.0,0.0,0.0,82.0,0.0,1.0,0.0,0.0,2.0,18.0,0.0,0.0,0.0,0.0,0.0,0.0,0.0,1.0,0.0,0.0,10.0,7.0,0.0,2.0,0.0,14.0,6.0,0.0,5.0,4.0,0.0,0.0,0.0,0.0,5.0,11.0,0.0,2.0,3.0,1.0,5.0,8.0,4.0,8.0,15.0,4.0,2.0,1.0,6.0,0.0,0.0,0.0,3.0,9.0,0.0,9.0,7.0,1.0,4.0,8.0,3.0,0.0,0.0,0.0,6.0,1.0,0.0,0.0,0.0,1.0,5.0,1.0,0.0,0.0,0.0,0.0,0.0,3.0,4.0,0.0,0.0,10.0,0.0,2.0,3.0,0.0,1.0,2.0,47.0,80.0,4.0,6.0,8.0,0.0,3.0,1.0,0.0,4.0,0.0,28.0,16.0,10.0,5.0,0.0,4.0,5.0,0.0,0.0
0.0,0.0,0.0,0.0,0.0,0.0,0.0,1.0,0.0,0.0,7.0,0.0,0.0,5.0,0.0,2.0,3.0,0.0,0.0,0.0,0.0,0.0,0.0,0.0,15.0,0.0,0.0,12.0,1.0,22.0,0.0,0.0,7.0,1.0,0.0,0.0,1.0,0.0,0.0,1.0,2.0,1.0,1.0,0.0,1.0,0.0,0.0,0.0,2.0,2.0,2.0,8.0,1.0,1.0,0.0,1.0,2.0,1.0,1.0,0.0,2.0,0.0,0.0,3.0,1.0,3.0,1.0,0.0,1.0,0.0,0.0,16.0,0.0,0.0,0.0,0.0,0.0,0.0,0.0,0.0,0.0,0.0,0.0,0.0,0.0,0.0,0.0,0.0,0.0,0.0,6.0,4.0,1.0,1.0,0.0,133.0,0.0,325.0,7.0,62.0,0.0,59.0,0.0,0.0,0.0,0.0,1.0,0.0,0.0,0.0,0.0,0.0,0.0,0.0,0.0
9.0,0.0,0.0,1.0,0.0,5.0,0.0,0.0,0.0,9.0,12.0,0.0,0.0,0.0,0.0,0.0,61.0,0.0,0.0,0.0,0.0,0.0,0.0,0.0,4.0,0.0,0.0,5.0,11.0,0.0,0.0,0.0,28.0,6.0,4.0,4.0,1.0,0.0,0.0,1.0,0.0,5.0,6.0,0.0,14.0,12.0,0.0,0.0,2.0,0.0,2.0,17.0,6.0,1.0,4.0,9.0,2.0,1.0,1.0,0.0,8.0,0.0,0.0,3.0,5.0,11.0,1.0,12.0,1.0,0.0,0.0,37.0,4.0,0.0,0.0,0.0,8.0,8.0,4.0,0.0,0.0,0.0,0.0,0.0,12.0,8.0,0.0,0.0,21.0,0.0,4.0,10.0,0.0,0.0,8.0,65.0,0.0,4.0,120.0,16.0,0.0,9.0,0.0,0.0,16.0,0.0,28.0,28.0,4.0,4.0,0.0,12.0,4.0,0.0,0.0
1.0,0.0,0.0,3.0,1.0,2.0,0.0,0.0,2.0,1.0,19.0,0.0,11.0,5.0,0.0,4.0,17.0,0.0,0.0,0.0,0.0,0.0,0.0,0.0,1.0,1.0,0.0,6.0,29.0,0.0,3.0,0.0,49.0,3.0,1.0,0.0,3.0,0.0,0.0,0.0,2.0,3.0,8.0,2.0,6.0,6.0,2.0,1.0,1.0,3.0,2.0,10.0,4.0,1.0,2.0,7.0,0.0,0.0,0.0,1.0,17.0,1.0,3.0,0.0,1.0,7.0,2.0,3.0,0.0,0.0,0.0,22.0,4.0,1.0,1.0,1.0,7.0,10.0,1.0,2.0,1.0,0.0,4.0,3.0,11.0,5.0,0.0,0.0,8.0,2.0,8.0,14.0,3.0,3.0,4.0,58.0,0.0,2.0,1.0,480.0,0.0,43.0,3.0,0.0,4.0,0.0,14.0,11.0,3.0,1.0,0.0,8.0,1.0,0.0,1.0
0.0,0.0,0.0,0.0,0.0,0.0,0.0,0.0,0.0,0.0,0.0,0.0,0.0,0.0,0.0,0.0,0.0,0.0,0.0,0.0,0.0,0.0,0.0,0.0,0.0,0.0,0.0,0.0,0.0,0.0,0.0,0.0,0.0,0.0,0.0,0.0,0.0,0.0,0.0,0.0,0.0,0.0,0.0,0.0,0.0,0.0,0.0,0.0,0.0,0.0,0.0,0.0,0.0,0.0,0.0,0.0,0.0,0.0,0.0,0.0,0.0,0.0,0.0,0.0,0.0,0.0,0.0,0.0,0.0,0.0,0.0,22.0,0.0,0.0,0.0,0.0,0.0,0.0,0.0,0.0,0.0,0.0,0.0,0.0,0.0,0.0,0.0,0.0,0.0,0.0,0.0,0.0,0.0,0.0,0.0,0.0,0.0,0.0,0.0,6.0,109.0,0.0,0.0,0.0,0.0,0.0,0.0,0.0,0.0,0.0,0.0,0.0,0.0,0.0,0.0
36.0,0.0,24.0,0.0,0.0,2.0,14.0,0.0,6.0,0.0,39.0,0.0,0.0,22.0,0.0,21.0,0.0,0.0,0.0,0.0,0.0,0.0,0.0,0.0,0.0,0.0,0.0,0.0,9.0,0.0,31.0,0.0,34.0,3.0,2.0,0.0,48.0,0.0,0.0,0.0,0.0,2.0,4.0,0.0,3.0,15.0,0.0,0.0,0.0,18.0,0.0,52.0,48.0,1.0,2.0,15.0,0.0,0.0,0.0,0.0,33.0,0.0,2.0,1.0,2.0,8.0,2.0,11.0,0.0,0.0,0.0,210.0,32.0,8.0,32.0,0.0,23.0,40.0,48.0,59.0,39.0,4.0,0.0,0.0,52.0,15.0,160.0,9.0,46.0,52.0,50.0,11.0,0.0,8.0,18.0,481.0,0.0,2.0,0.0,131.0,0.0,1971.0,6.0,0.0,44.0,0.0,111.0,107.0,25.0,26.0,0.0,20.0,25.0,0.0,2.0
0.0,0.0,0.0,0.0,0.0,2.0,0.0,3.0,0.0,0.0,4.0,0.0,0.0,0.0,0.0,2.0,16.0,0.0,0.0,0.0,0.0,0.0,0.0,0.0,1.0,0.0,0.0,12.0,3.0,0.0,9.0,0.0,32.0,6.0,0.0,0.0,1.0,0.0,0.0,0.0,0.0,4.0,9.0,0.0,7.0,11.0,3.0,2.0,2.0,5.0,2.0,5.0,1.0,1.0,1.0,7.0,0.0,0.0,0.0,0.0,17.0,0.0,7.0,3.0,3.0,10.0,3.0,6.0,0.0,0.0,0.0,97.0,3.0,0.0,0.0,0.0,11.0,12.0,9.0,1.0,2.0,0.0,0.0,0.0,9.0,3.0,0.0,0.0,8.0,2.0,12.0,6.0,0.0,1.0,5.0,36.0,1.0,3.0,1.0,6.0,0.0,11.0,154.0,0.0,36.0,0.0,107.0,102.0,32.0,32.0,0.0,17.0,32.0,0.0,0.0
0.0,0.0,0.0,0.0,0.0,0.0,0.0,0.0,0.0,0.0,0.0,0.0,0.0,0.0,0.0,0.0,0.0,0.0,0.0,0.0,0.0,0.0,0.0,0.0,0.0,0.0,0.0,0.0,0.0,0.0,0.0,0.0,0.0,0.0,0.0,0.0,0.0,0.0,0.0,0.0,0.0,0.0,0.0,0.0,0.0,0.0,0.0,0.0,0.0,0.0,0.0,0.0,0.0,0.0,0.0,0.0,0.0,0.0,0.0,0.0,0.0,0.0,0.0,0.0,0.0,0.0,0.0,0.0,0.0,0.0,0.0,0.0,0.0,0.0,0.0,0.0,0.0,0.0,0.0,0.0,0.0,0.0,0.0,0.0,0.0,0.0,0.0,0.0,0.0,0.0,0.0,0.0,0.0,0.0,0.0,0.0,0.0,0.0,0.0,0.0,0.0,0.0,0.0,0.0,0.0,0.0,0.0,0.0,0.0,0.0,0.0,0.0,0.0,0.0,0.0
6.0,0.0,33.0,8.0,3.0,2.0,0.0,3.0,6.0,3.0,57.0,0.0,1.0,0.0,1.0,30.0,16.0,0.0,0.0,0.0,0.0,0.0,0.0,0.0,1.0,3.0,0.0,18.0,45.0,1.0,7.0,2.0,60.0,8.0,6.0,0.0,70.0,0.0,0.0,0.0,6.0,7.0,16.0,6.0,42.0,32.0,6.0,4.0,2.0,10.0,6.0,307.0,46.0,3.0,6.0,18.0,0.0,0.0,1.0,0.0,46.0,3.0,7.0,5.0,4.0,16.0,7.0,5.0,0.0,0.0,0.0,98.0,3.0,5.0,3.0,3.0,5.0,17.0,1.0,0.0,5.0,3.0,0.0,3.0,22.0,25.0,0.0,12.0,59.0,1.0,18.0,13.0,3.0,9.0,15.0,262.0,0.0,4.0,0.0,154.0,0.0,127.0,11.0,0.0,633.0,0.0,192.0,185.0,41.0,22.0,10.0,36.0,22.0,0.0,4.0
0.0,0.0,0.0,2.0,0.0,0.0,0.0,0.0,0.0,0.0,0.0,0.0,0.0,0.0,0.0,0.0,0.0,0.0,0.0,0.0,0.0,0.0,0.0,0.0,0.0,0.0,0.0,0.0,0.0,0.0,1.0,0.0,0.0,0.0,2.0,0.0,0.0,0.0,0.0,0.0,0.0,0.0,0.0,0.0,1.0,0.0,0.0,1.0,0.0,0.0,0.0,0.0,0.0,0.0,0.0,0.0,0.0,0.0,0.0,0.0,0.0,0.0,0.0,1.0,0.0,0.0,0.0,0.0,0.0,0.0,0.0,3.0,0.0,0.0,0.0,0.0,0.0,2.0,0.0,0.0,0.0,1.0,0.0,0.0,0.0,1.0,0.0,0.0,0.0,0.0,0.0,0.0,0.0,1.0,0.0,1.0,0.0,0.0,0.0,9.0,0.0,0.0,0.0,0.0,2.0,0.0,9.0,8.0,1.0,0.0,1.0,1.0,0.0,0.0,0.0
0.0,0.0,40.0,4.0,0.0,1.0,0.0,3.0,0.0,0.0,59.0,0.0,0.0,0.0,0.0,33.0,19.0,0.0,0.0,0.0,0.0,0.0,0.0,0.0,1.0,0.0,0.0,6.0,5.0,0.0,7.0,0.0,82.0,3.0,4.0,0.0,81.0,0.0,0.0,6.0,0.0,3.0,7.0,4.0,6.0,34.0,9.0,10.0,2.0,7.0,2.0,95.0,88.0,32.0,1.0,24.0,2.0,2.0,0.0,0.0,48.0,0.0,4.0,5.0,7.0,24.0,65.0,5.0,6.0,0.0,0.0,127.0,2.0,0.0,0.0,0.0,7.0,13.0,4.0,3.0,0.0,2.0,0.0,3.0,34.0,51.0,0.0,15.0,51.0,4.0,24.0,11.0,3.0,3.0,18.0,477.0,1.0,2.0,4.0,207.0,0.0,152.0,8.0,0.0,437.0,0.0,1790.0,293.0,35.0,30.0,2.0,30.0,29.0,0.0,0.0
0.0,0.0,40.0,2.0,0.0,0.0,0.0,0.0,0.0,0.0,59.0,0.0,0.0,0.0,0.0,30.0,0.0,0.0,0.0,0.0,0.0,0.0,0.0,0.0,0.0,0.0,0.0,6.0,0.0,0.0,5.0,0.0,33.0,2.0,2.0,0.0,80.0,0.0,0.0,0.0,0.0,1.0,2.0,0.0,3.0,15.0,0.0,1.0,0.0,2.0,0.0,3.0,1.0,4.0,0.0,17.0,1.0,1.0,0.0,0.0,21.0,0.0,1.0,2.0,0.0,2.0,8.0,1.0,0.0,0.0,0.0,67.0,1.0,0.0,0.0,0.0,4.0,8.0,3.0,1.0,0.0,2.0,0.0,1.0,19.0,20.0,0.0,15.0,48.0,2.0,19.0,11.0,1.0,2.0,15.0,249.0,0.0,1.0,0.0,145.0,0.0,120.0,11.0,0.0,416.0,0.0,297.0,1340.0,32.0,22.0,1.0,18.0,22.0,0.0,0.0
0.0,0.0,8.0,0.0,0.0,0.0,0.0,0.0,0.0,0.0,12.0,0.0,0.0,0.0,0.0,6.0,0.0,0.0,0.0,0.0,0.0,0.0,0.0,0.0,0.0,0.0,0.0,0.0,0.0,0.0,2.0,0.0,6.0,1.0,0.0,0.0,16.0,0.0,0.0,0.0,0.0,0.0,0.0,0.0,1.0,3.0,0.0,0.0,0.0,0.0,0.0,0.0,0.0,0.0,0.0,4.0,0.0,0.0,0.0,0.0,8.0,0.0,0.0,0.0,0.0,0.0,0.0,0.0,0.0,0.0,0.0,10.0,0.0,0.0,0.0,0.0,1.0,1.0,1.0,0.0,0.0,0.0,0.0,0.0,4.0,3.0,0.0,3.0,9.0,1.0,4.0,2.0,0.0,0.0,3.0,50.0,0.0,0.0,0.0,26.0,0.0,19.0,2.0,0.0,46.0,0.0,16.0,16.0,168.0,4.0,1.0,3.0,4.0,0.0,0.0
0.0,0.0,8.0,0.0,0.0,0.0,0.0,0.0,0.0,0.0,11.0,0.0,0.0,0.0,0.0,6.0,0.0,0.0,0.0,0.0,0.0,0.0,0.0,0.0,0.0,0.0,0.0,6.0,0.0,0.0,3.0,0.0,12.0,2.0,0.0,0.0,16.0,0.0,0.0,0.0,0.0,1.0,2.0,0.0,2.0,3.0,0.0,0.0,0.0,2.0,0.0,2.0,0.0,0.0,0.0,5.0,0.0,0.0,0.0,0.0,7.0,0.0,1.0,1.0,0.0,2.0,0.0,1.0,0.0,0.0,0.0,12.0,1.0,0.0,0.0,0.0,3.0,3.0,3.0,0.0,0.0,0.0,0.0,0.0,4.0,3.0,0.0,3.0,9.0,1.0,6.0,2.0,0.0,0.0,3.0,19.0,0.0,1.0,0.0,16.0,0.0,17.0,3.0,0.0,81.0,0.0,21.0,21.0,5.0,61.0,0.0,5.0,5.0,0.0,0.0
0.0,0.0,0.0,2.0,0.0,0.0,0.0,0.0,0.0,0.0,0.0,0.0,0.0,0.0,0.0,0.0,0.0,0.0,0.0,0.0,0.0,0.0,0.0,0.0,0.0,0.0,0.0,0.0,0.0,0.0,1.0,0.0,1.0,0.0,2.0,0.0,0.0,0.0,0.0,0.0,0.0,0.0,2.0,0.0,1.0,0.0,0.0,1.0,0.0,0.0,0.0,0.0,0.0,1.0,0.0,0.0,0.0,0.0,0.0,0.0,2.0,0.0,0.0,1.0,0.0,0.0,4.0,0.0,0.0,0.0,0.0,5.0,0.0,0.0,0.0,0.0,0.0,0.0,0.0,0.0,0.0,0.0,0.0,0.0,0.0,2.0,0.0,0.0,0.0,0.0,0.0,0.0,0.0,0.0,0.0,15.0,0.0,0.0,0.0,1.0,0.0,1.0,0.0,0.0,11.0,0.0,8.0,8.0,0.0,0.0,23.0,4.0,0.0,0.0,0.0
0.0,1.0,8.0,216.0,0.0,1.0,0.0,0.0,2.0,0.0,11.0,0.0,0.0,2.0,0.0,8.0,18.0,0.0,0.0,0.0,0.0,0.0,0.0,0.0,1.0,0.0,0.0,0.0,5.0,0.0,4.0,0.0,15.0,7.0,4.0,0.0,865.0,0.0,0.0,0.0,0.0,3.0,5.0,0.0,6.0,8.0,2.0,4.0,2.0,5.0,0.0,219.0,5.0,0.0,2.0,7.0,2.0,0.0,2.0,0.0,10.0,0.0,1.0,4.0,1.0,6.0,0.0,6.0,0.0,0.0,0.0,313.0,1.0,0.0,0.0,212.0,2.0,3.0,4.0,1.0,1.0,0.0,5.0,0.0,19.0,34.0,0.0,3.0,28.0,0.0,6.0,8.0,0.0,1.0,8.0,203.0,0.0,1.0,1.0,104.0,0.0,79.0,29.0,0.0,45.0,0.0,59.0,58.0,9.0,10.0,2.0,649.0,12.0,0.0,0.0
0.0,0.0,8.0,0.0,0.0,0.0,0.0,0.0,0.0,0.0,10.0,0.0,0.0,0.0,0.0,6.0,0.0,0.0,0.0,0.0,0.0,0.0,0.0,0.0,0.0,0.0,0.0,0.0,0.0,0.0,0.0,0.0,5.0,1.0,0.0,0.0,16.0,0.0,0.0,0.0,0.0,0.0,0.0,0.0,1.0,3.0,0.0,0.0,0.0,0.0,0.0,0.0,0.0,0.0,0.0,4.0,0.0,0.0,0.0,0.0,4.0,0.0,0.0,0.0,0.0,0.0,0.0,0.0,0.0,0.0,0.0,29.0,0.0,0.0,0.0,0.0,1.0,1.0,1.0,0.0,0.0,0.0,0.0,0.0,4.0,3.0,0.0,3.0,9.0,1.0,4.0,2.0,0.0,0.0,3.0,42.0,0.0,0.0,0.0,18.0,0.0,12.0,3.0,0.0,52.0,0.0,16.0,16.0,4.0,4.0,0.0,3.0,101.0,0.0,0.0
0.0,0.0,0.0,0.0,0.0,0.0,0.0,0.0,0.0,0.0,0.0,0.0,0.0,0.0,0.0,0.0,0.0,0.0,0.0,0.0,0.0,0.0,0.0,0.0,0.0,0.0,0.0,0.0,0.0,0.0,0.0,0.0,0.0,0.0,0.0,0.0,0.0,0.0,0.0,0.0,0.0,0.0,0.0,0.0,0.0,0.0,0.0,0.0,0.0,0.0,0.0,0.0,0.0,0.0,0.0,0.0,0.0,0.0,0.0,0.0,0.0,0.0,0.0,0.0,0.0,0.0,0.0,0.0,0.0,0.0,0.0,0.0,0.0,0.0,0.0,0.0,0.0,0.0,0.0,0.0,0.0,0.0,0.0,0.0,0.0,0.0,0.0,0.0,0.0,0.0,0.0,0.0,0.0,0.0,0.0,7.0,0.0,0.0,0.0,2.0,0.0,1.0,0.0,0.0,0.0,0.0,0.0,0.0,0.0,0.0,0.0,0.0,0.0,2.0,0.0
2.0,0.0,0.0,0.0,0.0,1.0,0.0,0.0,0.0,0.0,0.0,0.0,0.0,0.0,0.0,0.0,0.0,0.0,0.0,0.0,0.0,0.0,0.0,0.0,0.0,0.0,0.0,0.0,4.0,0.0,3.0,0.0,8.0,1.0,1.0,0.0,0.0,0.0,0.0,0.0,0.0,1.0,2.0,0.0,1.0,3.0,0.0,0.0,0.0,0.0,0.0,2.0,0.0,0.0,1.0,1.0,0.0,0.0,0.0,0.0,3.0,0.0,1.0,0.0,1.0,4.0,0.0,3.0,0.0,0.0,0.0,10.0,0.0,1.0,0.0,0.0,1.0,1.0,0.0,0.0,0.0,0.0,0.0,0.0,2.0,1.0,0.0,0.0,3.0,0.0,1.0,2.0,0.0,0.0,0.0,9.0,0.0,0.0,0.0,5.0,0.0,4.0,1.0,0.0,4.0,0.0,7.0,7.0,1.0,1.0,0.0,3.0,1.0,0.0,15.0
