20.0,0.0,0.0,0.0,1.0,0.0,0.0,0.0,0.0,0.0,0.0,0.0,0.0,0.0,0.0,0.0,0.0,15.0,0.0,0.0,0.0,0.0,0.0,0.0,0.0,1.0,0.0,0.0,16.0,0.0,0.0,0.0,8.0,1.0,0.0,0.0,0.0,1.0,0.0,2.0,0.0,0.0,0.0,0.0,0.0,1.0,0.0,1.0,2.0,0.0,0.0,0.0,1.0,2.0,0.0,0.0,2.0,0.0,0.0,12.0,0.0,1.0,0.0,0.0,0.0,2.0,2.0,1.0,0.0,0.0,0.0,0.0,0.0,4.0,2.0,0.0,0.0,4.0,0.0,1.0,1.0,5.0,0.0,0.0,2.0,16.0,1.0,0.0,6.0,2.0,0.0,0.0,4.0,0.0,7.0,7.0,1.0,1.0,0.0,3.0,1.0,0.0,0.0,1.0
0.0,21.0,0.0,0.0,0.0,0.0,0.0,0.0,2.0,1.0,0.0,10.0,0.0,0.0,0.0,0.0,0.0,19.0,0.0,0.0,0.0,0.0,0.0,0.0,0.0,0.0,0.0,0.0,0.0,0.0,0.0,0.0,0.0,0.0,0.0,0.0,0.0,0.0,0.0,0.0,0.0,0.0,0.0,0.0,0.0,0.0,0.0,0.0,0.0,0.0,0.0,0.0,0.0,0.0,0.0,0.0,0.0,0.0,0.0,0.0,0.0,0.0,0.0,0.0,0.0,0.0,0.0,0.0,0.0,0.0,0.0,0.0,0.0,0.0,0.0,0.0,0.0,0.0,0.0,0.0,0.0,0.0,0.0,0.0,0.0,37.0,0.0,0.0,2.0,0.0,0.0,0.0,0.0,0.0,0.0,0.0,0.0,0.0,0.0,0.0,0.0,0.0,0.0,0.0
0.0,0.0,35.0,0.0,0.0,0.0,0.0,0.0,0.0,3.0,0.0,15.0,0.0,0.0,0.0,0.0,20.0,2.0,0.0,0.0,0.0,0.0,0.0,0.0,0.0,0.0,0.0,0.0,9.0,0.0,0.0,0.0,3.0,0.0,0.0,24.0,0.0,0.0,0.0,0.0,0.0,0.0,0.0,0.0,0.0,0.0,0.0,0.0,5.0,0.0,0.0,0.0,0.0,0.0,0.0,0.0,0.0,0.0,0.0,3.0,0.0,0.0,0.0,0.0,0.0,0.0,0.0,0.0,0.0,0.0,0.0,0.0,0.0,0.0,3.0,0.0,5.0,9.0,0.0,3.0,0.0,2.0,0.0,0.0,3.0,21.0,0.0,0.0,18.0,12.0,0.0,0.0,12.0,0.0,15.0,15.0,3.0,3.0,0.0,3.0,3.0,0.0,0.0,0.0
0.0,0.0,0.0,135.0,0.0,0.0,0.0,0.0,0.0,0.0,0.0,4.0,0.0,0.0,4.0,0.0,0.0,10.0,0.0,0.0,0.0,0.0,0.0,0.0,0.0,0.0,0.0,0.0,0.0,0.0,0.0,0.0,0.0,0.0,0.0,313.0,0.0,0.0,0.0,0.0,0.0,0.0,0.0,0.0,0.0,72.0,0.0,0.0,0.0,0.0,0.0,0.0,0.0,0.0,0.0,0.0,0.0,0.0,0.0,92.0,0.0,0.0,0.0,0.0,72.0,0.0,0.0,0.0,0.0,0.0,0.0,0.0,0.0,0.0,0.0,0.0,0.0,0.0,0.0,0.0,0.0,0.0,0.0,52.0,0.0,90.0,0.0,0.0,9.0,20.0,0.0,0.0,0.0,0.0,0.0,0.0,0.0,0.0,0.0,0.0,0.0,0.0,0.0,0.0
0.0,0.0,0.0,11.0,190.0,0.0,0.0,0.0,13.0,4.0,0.0,1.0,0.0,0.0,0.0,0.0,0.0,0.0,0.0,0.0,0.0,0.0,0.0,0.0,0.0,0.0,0.0,0.0,12.0,0.0,0.0,0.0,3.0,0.0,0.0,0.0,0.0,0.0,0.0,0.0,2.0,0.0,0.0,2.0,0.0,0.0,0.0,0.0,20.0,0.0,0.0,0.0,0.0,0.0,0.0,0.0,0.0,0.0,0.0,4.0,0.0,0.0,0.0,1.0,0.0,39.0,39.0,0.0,0.0,0.0,0.0,0.0,0.0,0.0,0.0,0.0,0.0,1.0,0.0,39.0,0.0,2.0,0.0,0.0,0.0,45.0,0.0,0.0,17.0,3.0,0.0,0.0,0.0,0.0,0.0,0.0,0.0,0.0,0.0,0.0,0.0,0.0,0.0,0.0
0.0,0.0,0.0,0.0,0.0,2.0,0.0,0.0,0.0,0.0,0.0,0.0,0.0,0.0,2.0,0.0,0.0,0.0,0.0,0.0,0.0,0.0,0.0,0.0,0.0,0.0,0.0,0.0,2.0,0.0,0.0,0.0,0.0,0.0,0.0,0.0,0.0,0.0,0.0,0.0,0.0,0.0,0.0,0.0,0.0,0.0,0.0,0.0,0.0,0.0,0.0,0.0,0.0,0.0,0.0,0.0,0.0,0.0,0.0,0.0,0.0,0.0,0.0,0.0,0.0,0.0,0.0,0.0,0.0,0.0,0.0,0.0,0.0,0.0,0.0,0.0,0.0,0.0,0.0,0.0,0.0,0.0,0.0,0.0,0.0,0.0,0.0,0.0,0.0,0.0,0.0,0.0,0.0,0.0,0.0,0.0,0.0,0.0,0.0,0.0,0.0,0.0,0.0,0.0
0.0,0.0,0.0,0.0,0.0,0.0,4.0,0.0,0.0,0.0,0.0,0.0,0.0,0.0,0.0,0.0,0.0,0.0,0.0,0.0,0.0,0.0,0.0,0.0,0.0,0.0,0.0,0.0,0.0,0.0,0.0,0.0,0.0,0.0,0.0,0.0,0.0,0.0,0.0,0.0,0.0,0.0,0.0,0.0,0.0,0.0,0.0,0.0,0.0,0.0,0.0,0.0,0.0,0.0,0.0,0.0,0.0,0.0,0.0,0.0,0.0,0.0,0.0,0.0,0.0,0.0,0.0,0.0,0.0,0.0,0.0,0.0,0.0,0.0,0.0,0.0,0.0,0.0,0.0,0.0,0.0,0.0,0.0,0.0,0.0,0.0,0.0,0.0,0.0,6.0,0.0,0.0,0.0,0.0,0.0,0.0,0.0,0.0,0.0,0.0,0.0,0.0,0.0,0.0
0.0,0.0,0.0,0.0,0.0,0.0,0.0,205.0,0.0,0.0,0.0,10.0,0.0,0.0,0.0,0.0,1.0,4.0,0.0,0.0,0.0,0.0,0.0,0.0,0.0,0.0,0.0,0.0,4.0,0.0,0.0,0.0,3.0,0.0,0.0,0.0,0.0,3.0,0.0,0.0,0.0,0.0,0.0,1.0,0.0,0.0,0.0,12.0,1.0,0.0,0.0,2.0,0.0,0.0,2.0,0.0,0.0,0.0,0.0,1.0,0.0,0.0,0.0,0.0,0.0,0.0,0.0,0.0,0.0,0.0,0.0,0.0,0.0,0.0,1.0,0.0,0.0,3.0,0.0,2.0,0.0,0.0,0.0,0.0,1.0,11.0,0.0,0.0,1.0,5.0,0.0,0.0,4.0,0.0,5.0,5.0,1.0,1.0,0.0,1.0,1.0,0.0,0.0,0.0
12.0,0.0,0.0,2.0,23.0,0.0,0.0,0.0,64.0,1.0,0.0,7.0,0.0,0.0,1.0,2.0,0.0,120.0,0.0,0.0,0.0,0.0,0.0,0.0,0.0,7.0,0.0,0.0,4.0,0.0,0.0,0.0,49.0,11.0,2.0,0.0,0.0,9.0,6.0,14.0,4.0,0.0,0.0,0.0,2.0,25.0,2.0,9.0,64.0,8.0,2.0,8.0,9.0,18.0,2.0,2.0,10.0,2.0,0.0,38.0,0.0,5.0,2.0,0.0,0.0,24.0,24.0,7.0,0.0,0.0,0.0,0.0,0.0,26.0,10.0,0.0,0.0,26.0,2.0,19.0,5.0,17.0,0.0,0.0,10.0,85.0,1.0,0.0,20.0,13.0,0.0,0.0,20.0,0.0,67.0,35.0,5.0,5.0,0.0,19.0,5.0,0.0,0.0,9.0
0.0,0.0,0.0,0.0,0.0,0.0,0.0,0.0,0.0,32.0,0.0,0.0,0.0,0.0,0.0,0.0,0.0,0.0,0.0,0.0,0.0,0.0,0.0,0.0,0.0,0.0,0.0,0.0,0.0,0.0,11.0,0.0,2.0,0.0,0.0,0.0,0.0,22.0,0.0,0.0,2.0,0.0,0.0,22.0,0.0,0.0,0.0,0.0,0.0,0.0,0.0,2.0,0.0,0.0,0.0,0.0,0.0,0.0,0.0,26.0,0.0,0.0,0.0,0.0,0.0,0.0,0.0,0.0,0.0,0.0,0.0,0.0,0.0,11.0,0.0,0.0,0.0,0.0,0.0,0.0,0.0,0.0,0.0,27.0,0.0,4.0,0.0,0.0,6.0,4.0,0.0,0.0,0.0,0.0,33.0,22.0,0.0,0.0,0.0,0.0,0.0,0.0,0.0,11.0
14.0,0.0,0.0,0.0,8.0,0.0,0.0,0.0,6.0,11.0,121.0,12.0,0.0,3.0,0.0,2.0,0.0,97.0,0.0,0.0,0.0,0.0,0.0,0.0,0.0,8.0,0.0,0.0,0.0,0.0,0.0,0.0,58.0,8.0,3.0,0.0,0.0,6.0,0.0,14.0,2.0,0.0,0.0,1.0,0.0,10.0,2.0,13.0,15.0,0.0,0.0,6.0,7.0,13.0,0.0,0.0,12.0,0.0,0.0,129.0,0.0,5.0,2.0,0.0,0.0,12.0,12.0,7.0,0.0,0.0,0.0,0.0,0.0,26.0,12.0,0.0,0.0,35.0,3.0,8.0,6.0,17.0,0.0,0.0,23.0,114.0,0.0,0.0,33.0,41.0,1.0,0.0,24.0,0.0,43.0,43.0,7.0,7.0,0.0,22.0,7.0,0.0,0.0,8.0
1.0,4.0,21.0,10.0,4.0,0.0,0.0,3.0,8.0,62.0,22.0,759.0,1.0,4.0,111.0,1.0,37.0,23.0,0.0,0.0,0.0,0.0,0.0,0.0,0.0,1.0,0.0,0.0,60.0,0.0,5.0,0.0,51.0,10.0,6.0,51.0,0.0,20.0,5.0,12.0,6.0,5.0,5.0,5.0,7.0,21.0,8.0,7.0,12.0,40.0,5.0,3.0,6.0,21.0,0.0,5.0,0.0,5.0,0.0,78.0,5.0,5.0,6.0,5.0,5.0,6.0,16.0,1.0,0.0,5.0,0.0,0.0,5.0,13.0,16.0,0.0,8.0,36.0,1.0,12.0,5.0,7.0,5.0,7.0,6.0,523.0,9.0,3.0,181.0,68.0,5.0,0.0,24.0,0.0,50.0,43.0,12.0,7.0,0.0,24.0,7.0,0.0,5.0,11.0
0.0,0.0,0.0,0.0,0.0,0.0,0.0,0.0,0.0,1.0,0.0,2.0,1.0,0.0,0.0,0.0,0.0,0.0,0.0,0.0,0.0,0.0,0.0,0.0,0.0,0.0,0.0,0.0,0.0,0.0,0.0,0.0,0.0,0.0,0.0,0.0,0.0,0.0,0.0,0.0,0.0,0.0,0.0,0.0,0.0,0.0,0.0,0.0,0.0,0.0,0.0,0.0,0.0,0.0,0.0,0.0,0.0,0.0,0.0,0.0,0.0,0.0,0.0,0.0,0.0,0.0,0.0,0.0,0.0,0.0,0.0,0.0,0.0,0.0,0.0,0.0,0.0,0.0,0.0,0.0,0.0,0.0,0.0,0.0,0.0,1.0,0.0,0.0,5.0,0.0,0.0,0.0,0.0,0.0,0.0,0.0,0.0,0.0,0.0,0.0,0.0,0.0,0.0,0.0
0.0,0.0,0.0,0.0,0.0,0.0,0.0,0.0,0.0,2.0,0.0,0.0,0.0,14.0,0.0,0.0,0.0,0.0,0.0,0.0,0.0,0.0,0.0,0.0,0.0,0.0,0.0,0.0,0.0,0.0,0.0,0.0,0.0,0.0,0.0,0.0,0.0,0.0,0.0,0.0,0.0,0.0,0.0,0.0,0.0,0.0,0.0,0.0,0.0,0.0,0.0,0.0,0.0,0.0,0.0,0.0,0.0,0.0,0.0,0.0,0.0,0.0,0.0,0.0,0.0,0.0,0.0,0.0,0.0,0.0,0.0,0.0,0.0,0.0,0.0,0.0,0.0,0.0,0.0,0.0,0.0,0.0,0.0,0.0,0.0,0.0,0.0,0.0,2.0,0.0,0.0,0.0,0.0,0.0,0.0,0.0,0.0,0.0,0.0,0.0,0.0,0.0,0.0,0.0
0.0,0.0,0.0,0.0,0.0,0.0,0.0,0.0,0.0,8.0,0.0,18.0,0.0,0.0,93.0,0.0,0.0,0.0,0.0,0.0,0.0,0.0,0.0,0.0,0.0,0.0,0.0,0.0,0.0,0.0,0.0,0.0,2.0,0.0,0.0,0.0,0.0,0.0,0.0,0.0,0.0,0.0,0.0,2.0,0.0,0.0,0.0,0.0,0.0,0.0,0.0,0.0,0.0,0.0,0.0,0.0,0.0,0.0,0.0,0.0,0.0,0.0,0.0,0.0,0.0,0.0,0.0,0.0,0.0,0.0,0.0,0.0,0.0,0.0,0.0,0.0,0.0,5.0,0.0,0.0,0.0,0.0,0.0,0.0,0.0,80.0,0.0,0.0,14.0,25.0,0.0,0.0,0.0,0.0,0.0,0.0,0.0,0.0,0.0,0.0,0.0,0.0,0.0,0.0
0.0,0.0,0.0,0.0,0.0,0.0,0.0,0.0,3.0,0.0,0.0,0.0,0.0,0.0,1.0,10.0,0.0,1.0,0.0,0.0,0.0,0.0,0.0,0.0,0.0,0.0,0.0,0.0,0.0,0.0,0.0,0.0,0.0,0.0,0.0,0.0,0.0,0.0,0.0,0.0,0.0,0.0,0.0,0.0,0.0,0.0,0.0,0.0,2.0,0.0,0.0,0.0,0.0,0.0,0.0,0.0,0.0,0.0,0.0,0.0,0.0,0.0,0.0,0.0,0.0,0.0,0.0,0.0,0.0,0.0,0.0,0.0,0.0,0.0,0.0,0.0,0.0,0.0,0.0,0.0,0.0,1.0,0.0,0.0,0.0,3.0,0.0,0.0,0.0,0.0,0.0,0.0,0.0,0.0,0.0,0.0,0.0,0.0,0.0,0.0,0.0,0.0,0.0,0.0
0.0,0.0,56.0,20.0,2.0,0.0,0.0,0.0,6.0,21.0,6.0,79.0,0.0,1.0,0.0,0.0,798.0,30.0,0.0,0.0,0.0,0.0,0.0,0.0,0.0,0.0,0.0,0.0,75.0,0.0,9.0,0.0,48.0,7.0,7.0,128.0,0.0,26.0,6.0,14.0,6.0,6.0,6.0,7.0,8.0,33.0,19.0,6.0,29.0,53.0,6.0,5.0,7.0,26.0,0.0,6.0,0.0,6.0,0.0,93.0,7.0,7.0,6.0,6.0,6.0,8.0,20.0,2.0,0.0,6.0,0.0,0.0,6.0,12.0,28.0,0.0,39.0,66.0,0.0,24.0,6.0,12.0,6.0,6.0,16.0,162.0,0.0,1.0,96.0,137.0,7.0,0.0,64.0,0.0,102.0,96.0,23.0,17.0,0.0,36.0,17.0,0.0,6.0,13.0
3.0,18.0,6.0,0.0,2.0,2.0,0.0,6.0,3.0,51.0,0.0,14.0,0.0,0.0,7.0,1.0,17.0,603.0,0.0,54.0,0.0,30.0,118.0,0.0,12.0,2.0,7.0,18.0,22.0,0.0,1.0,0.0,23.0,10.0,1.0,26.0,0.0,13.0,0.0,4.0,1.0,0.0,0.0,4.0,4.0,31.0,4.0,3.0,24.0,17.0,4.0,13.0,2.0,8.0,6.0,0.0,2.0,0.0,0.0,124.0,0.0,1.0,1.0,0.0,0.0,3.0,3.0,2.0,0.0,0.0,0.0,0.0,0.0,15.0,4.0,0.0,4.0,125.0,1.0,5.0,1.0,26.0,0.0,0.0,4.0,188.0,3.0,0.0,207.0,102.0,0.0,0.0,12.0,0.0,29.0,21.0,4.0,4.0,0.0,7.0,4.0,0.0,0.0,6.0
0.0,0.0,0.0,0.0,0.0,0.0,0.0,0.0,0.0,0.0,0.0,0.0,0.0,0.0,0.0,0.0,0.0,4.0,112.0,1.0,28.0,0.0,49.0,41.0,0.0,0.0,0.0,105.0,0.0,0.0,0.0,0.0,2.0,0.0,0.0,0.0,0.0,0.0,0.0,0.0,0.0,0.0,0.0,0.0,0.0,0.0,0.0,0.0,0.0,0.0,0.0,0.0,0.0,0.0,0.0,0.0,0.0,0.0,0.0,0.0,0.0,0.0,0.0,0.0,0.0,0.0,0.0,0.0,0.0,0.0,0.0,0.0,0.0,0.0,0.0,0.0,0.0,0.0,0.0,0.0,0.0,0.0,0.0,0.0,0.0,0.0,0.0,0.0,0.0,0.0,0.0,0.0,0.0,0.0,0.0,0.0,0.0,0.0,0.0,0.0,0.0,0.0,0.0,0.0
0.0,0.0,0.0,0.0,0.0,0.0,0.0,0.0,0.0,0.0,0.0,0.0,0.0,0.0,2.0,0.0,0.0,32.0,0.0,65.0,7.0,31.0,37.0,0.0,0.0,0.0,0.0,109.0,0.0,0.0,0.0,0.0,0.0,0.0,0.0,0.0,0.0,0.0,0.0,0.0,0.0,0.0,0.0,0.0,0.0,0.0,0.0,0.0,0.0,0.0,0.0,0.0,0.0,0.0,0.0,0.0,0.0,0.0,0.0,0.0,0.0,0.0,0.0,0.0,0.0,0.0,0.0,0.0,0.0,0.0,0.0,0.0,0.0,0.0,0.0,0.0,0.0,0.0,0.0,0.0,0.0,0.0,0.0,0.0,0.0,2.0,2.0,0.0,0.0,0.0,0.0,0.0,0.0,0.0,2.0,0.0,0.0,0.0,0.0,0.0,0.0,0.0,0.0,0.0
0.0,0.0,0.0,0.0,0.0,0.0,0.0,0.0,0.0,0.0,0.0,0.0,0.0,0.0,0.0,0.0,0.0,82.0,14.0,11.0,219.0,0.0,43.0,17.0,0.0,0.0,5.0,155.0,0.0,0.0,0.0,0.0,0.0,0.0,0.0,0.0,0.0,0.0,0.0,0.0,0.0,0.0,0.0,0.0,0.0,0.0,0.0,0.0,0.0,0.0,0.0,0.0,0.0,0.0,0.0,0.0,0.0,0.0,0.0,0.0,0.0,0.0,0.0,0.0,0.0,0.0,0.0,0.0,0.0,0.0,0.0,0.0,0.0,0.0,0.0,0.0,0.0,0.0,0.0,0.0,0.0,0.0,0.0,0.0,0.0,0.0,0.0,0.0,0.0,0.0,0.0,0.0,0.0,0.0,0.0,0.0,0.0,0.0,0.0,0.0,0.0,0.0,0.0,0.0
0.0,0.0,0.0,0.0,0.0,0.0,0.0,0.0,0.0,0.0,0.0,0.0,0.0,0.0,0.0,0.0,0.0,11.0,0.0,5.0,0.0,65.0,8.0,0.0,0.0,0.0,0.0,24.0,0.0,0.0,0.0,0.0,0.0,0.0,0.0,0.0,0.0,0.0,0.0,0.0,0.0,0.0,0.0,0.0,0.0,0.0,0.0,0.0,0.0,0.0,0.0,0.0,0.0,0.0,0.0,0.0,0.0,0.0,0.0,0.0,0.0,0.0,0.0,0.0,0.0,0.0,0.0,0.0,0.0,0.0,0.0,0.0,0.0,0.0,0.0,0.0,0.0,0.0,0.0,0.0,0.0,0.0,0.0,0.0,0.0,0.0,0.0,0.0,0.0,0.0,0.0,0.0,0.0,0.0,0.0,0.0,0.0,0.0,0.0,0.0,0.0,0.0,0.0,0.0
0.0,0.0,0.0,0.0,0.0,0.0,0.0,0.0,0.0,0.0,0.0,0.0,0.0,0.0,0.0,0.0,0.0,58.0,9.0,0.0,7.0,0.0,136.0,6.0,0.0,0.0,1.0,150.0,0.0,0.0,0.0,0.0,1.0,0.0,0.0,0.0,0.0,0.0,0.0,0.0,0.0,0.0,0.0,0.0,0.0,0.0,0.0,0.0,0.0,0.0,0.0,0.0,0.0,0.0,0.0,0.0,0.0,0.0,0.0,0.0,0.0,0.0,0.0,0.0,0.0,0.0,0.0,0.0,0.0,0.0,0.0,0.0,0.0,0.0,0.0,0.0,0.0,0.0,0.0,0.0,0.0,0.0,0.0,0.0,0.0,0.0,0.0,0.0,0.0,0.0,0.0,0.0,0.0,0.0,0.0,0.0,0.0,0.0,0.0,0.0,0.0,0.0,0.0,0.0
0.0,0.0,0.0,0.0,0.0,0.0,0.0,0.0,0.0,2.0,0.0,0.0,0.0,0.0,0.0,0.0,0.0,4.0,14.0,0.0,1.0,0.0,2.0,96.0,0.0,0.0,0.0,18.0,0.0,0.0,0.0,0.0,2.0,0.0,0.0,0.0,0.0,0.0,0.0,0.0,0.0,0.0,0.0,0.0,0.0,0.0,0.0,0.0,0.0,0.0,0.0,0.0,0.0,0.0,0.0,0.0,0.0,0.0,0.0,0.0,0.0,0.0,0.0,0.0,0.0,0.0,0.0,0.0,0.0,0.0,0.0,0.0,0.0,0.0,0.0,0.0,0.0,0.0,0.0,0.0,0.0,0.0,0.0,0.0,0.0,0.0,0.0,0.0,2.0,0.0,0.0,0.0,0.0,0.0,0.0,0.0,0.0,0.0,0.0,0.0,0.0,0.0,0.0,0.0
0.0,0.0,0.0,0.0,0.0,0.0,0.0,0.0,0.0,0.0,0.0,0.0,0.0,0.0,0.0,0.0,0.0,2.0,0.0,0.0,0.0,0.0,4.0,0.0,73.0,0.0,0.0,19.0,0.0,0.0,0.0,0.0,0.0,0.0,0.0,0.0,0.0,0.0,0.0,0.0,0.0,0.0,0.0,0.0,0.0,0.0,0.0,0.0,0.0,0.0,0.0,0.0,0.0,0.0,0.0,0.0,0.0,0.0,0.0,0.0,0.0,0.0,0.0,0.0,0.0,0.0,0.0,0.0,0.0,0.0,0.0,0.0,0.0,0.0,0.0,0.0,0.0,0.0,0.0,0.0,0.0,0.0,0.0,0.0,0.0,0.0,0.0,0.0,0.0,0.0,0.0,0.0,0.0,0.0,0.0,0.0,0.0,0.0,0.0,0.0,0.0,0.0,0.0,0.0
0.0,0.0,0.0,0.0,0.0,0.0,0.0,0.0,0.0,1.0,0.0,1.0,2.0,0.0,0.0,0.0,0.0,2.0,0.0,15.0,0.0,9.0,0.0,0.0,0.0,15.0,0.0,0.0,2.0,0.0,0.0,0.0,0.0,0.0,0.0,0.0,0.0,0.0,0.0,0.0,0.0,0.0,0.0,0.0,0.0,0.0,0.0,0.0,0.0,0.0,0.0,0.0,0.0,0.0,0.0,0.0,0.0,0.0,0.0,15.0,0.0,0.0,0.0,0.0,0.0,0.0,0.0,0.0,0.0,0.0,0.0,0.0,0.0,0.0,0.0,0.0,0.0,3.0,0.0,0.0,0.0,2.0,0.0,0.0,0.0,12.0,0.0,3.0,9.0,1.0,0.0,0.0,0.0,0.0,0.0,0.0,0.0,0.0,0.0,0.0,0.0,0.0,0.0,0.0
0.0,0.0,0.0,0.0,0.0,0.0,0.0,0.0,0.0,0.0,0.0,0.0,0.0,0.0,0.0,0.0,0.0,19.0,0.0,0.0,0.0,0.0,3.0,0.0,0.0,0.0,88.0,25.0,0.0,0.0,0.0,0.0,0.0,0.0,0.0,0.0,0.0,0.0,0.0,0.0,0.0,0.0,0.0,0.0,0.0,0.0,0.0,0.0,0.0,0.0,0.0,0.0,0.0,0.0,0.0,0.0,0.0,0.0,0.0,0.0,0.0,0.0,0.0,0.0,0.0,0.0,0.0,0.0,0.0,0.0,0.0,0.0,0.0,0.0,0.0,0.0,0.0,0.0,0.0,0.0,0.0,0.0,0.0,0.0,0.0,0.0,0.0,0.0,0.0,0.0,0.0,0.0,0.0,0.0,0.0,0.0,0.0,0.0,0.0,0.0,0.0,0.0,0.0,0.0
0.0,0.0,0.0,0.0,0.0,0.0,0.0,0.0,0.0,2.0,0.0,0.0,0.0,0.0,0.0,0.0,0.0,90.0,0.0,7.0,4.0,2.0,9.0,0.0,0.0,0.0,0.0,179.0,0.0,0.0,0.0,0.0,0.0,0.0,0.0,0.0,0.0,0.0,0.0,0.0,0.0,0.0,0.0,0.0,0.0,0.0,0.0,0.0,0.0,0.0,0.0,0.0,0.0,0.0,0.0,0.0,0.0,0.0,0.0,0.0,0.0,0.0,0.0,0.0,0.0,0.0,0.0,0.0,0.0,0.0,0.0,0.0,0.0,0.0,0.0,0.0,0.0,0.0,0.0,0.0,0.0,0.0,0.0,0.0,0.0,0.0,0.0,0.0,2.0,4.0,0.0,0.0,0.0,0.0,0.0,0.0,0.0,0.0,0.0,0.0,0.0,0.0,0.0,0.0
7.0,0.0,28.0,7.0,10.0,0.0,0.0,5.0,3.0,7.0,0.0,77.0,0.0,0.0,2.0,0.0,83.0,159.0,0.0,0.0,0.0,0.0,0.0,0.0,0.0,3.0,0.0,0.0,331.0,10.0,6.0,1.0,30.0,34.0,3.0,89.0,0.0,48.0,9.0,12.0,3.0,0.0,11.0,4.0,27.0,152.0,23.0,3.0,46.0,58.0,11.0,51.0,6.0,51.0,27.0,15.0,7.0,15.0,0.0,24.0,0.0,3.0,0.0,0.0,0.0,3.0,6.0,0.0,0.0,0.0,0.0,0.0,0.0,25.0,12.0,0.0,20.0,30.0,0.0,12.0,3.0,55.0,0.0,3.0,10.0,75.0,5.0,0.0,127.0,55.0,3.0,0.0,49.0,0.0,63.0,63.0,13.0,13.0,0.0,18.0,13.0,0.0,0.0,27.0
1.0,0.0,0.0,1.0,1.0,0.0,0.0,1.0,0.0,0.0,0.0,7.0,0.0,0.0,0.0,0.0,0.0,0.0,0.0,0.0,0.0,0.0,0.0,0.0,0.0,0.0,0.0,0.0,14.0,17.0,0.0,0.0,0.0,1.0,0.0,2.0,0.0,3.0,0.0,0.0,0.0,0.0,2.0,0.0,3.0,11.0,2.0,0.0,3.0,1.0,0.0,5.0,0.0,4.0,3.0,2.0,0.0,2.0,0.0,0.0,0.0,0.0,0.0,0.0,0.0,0.0,0.0,0.0,0.0,0.0,0.0,0.0,0.0,0.0,0.0,0.0,0.0,0.0,0.0,0.0,0.0,2.0,0.0,0.0,0.0,2.0,1.0,2.0,10.0,0.0,0.0,0.0,0.0,0.0,2.0,2.0,1.0,1.0,0.0,0.0,1.0,0.0,0.0,2.0
8.0,0.0,0.0,2.0,3.0,0.0,0.0,0.0,3.0,39.0,0.0,20.0,0.0,0.0,2.0,1.0,42.0,36.0,0.0,0.0,0.0,0.0,0.0,0.0,0.0,3.0,0.0,0.0,11.0,1.0,576.0,2.0,27.0,4.0,4.0,2.0,0.0,28.0,0.0,8.0,5.0,3.0,0.0,17.0,1.0,19.0,2.0,4.0,7.0,11.0,0.0,6.0,4.0,8.0,0.0,0.0,4.0,0.0,0.0,94.0,2.0,11.0,1.0,7.0,6.0,9.0,14.0,23.0,11.0,8.0,0.0,0.0,0.0,19.0,10.0,35.0,3.0,11.0,11.0,15.0,9.0,10.0,0.0,43.0,2.0,236.0,0.0,0.0,53.0,34.0,2.0,0.0,10.0,0.0,45.0,36.0,3.0,3.0,1.0,12.0,3.0,0.0,0.0,11.0
4.0,0.0,0.0,2.0,3.0,0.0,0.0,0.0,0.0,24.0,0.0,0.0,0.0,0.0,0.0,0.0,6.0,16.0,0.0,0.0,0.0,0.0,0.0,0.0,0.0,1.0,0.0,0.0,2.0,0.0,12.0,332.0,21.0,3.0,3.0,1.0,0.0,95.0,0.0,9.0,1.0,0.0,0.0,1.0,0.0,5.0,0.0,3.0,4.0,9.0,0.0,1.0,3.0,10.0,1.0,0.0,6.0,0.0,0.0,11.0,0.0,1.0,2.0,0.0,0.0,3.0,4.0,0.0,0.0,0.0,0.0,0.0,0.0,6.0,4.0,0.0,0.0,10.0,0.0,2.0,1.0,7.0,0.0,1.0,1.0,20.0,0.0,0.0,66.0,17.0,3.0,0.0,14.0,0.0,22.0,22.0,3.0,3.0,1.0,10.0,3.0,0.0,2.0,3.0
18.0,1.0,8.0,2.0,12.0,0.0,0.0,0.0,18.0,40.0,2.0,53.0,0.0,11.0,9.0,6.0,13.0,26.0,0.0,0.0,0.0,0.0,0.0,0.0,2.0,6.0,0.0,0.0,28.0,0.0,39.0,0.0,1262.0,24.0,18.0,15.0,0.0,28.0,0.0,45.0,10.0,3.0,0.0,4.0,0.0,72.0,9.0,18.0,30.0,32.0,0.0,116.0,18.0,42.0,0.0,0.0,12.0,0.0,97.0,157.0,6.0,6.0,12.0,3.0,0.0,26.0,35.0,20.0,0.0,0.0,0.0,0.0,0.0,34.0,9.0,0.0,3.0,50.0,8.0,26.0,4.0,40.0,0.0,45.0,5.0,339.0,10.0,1.0,140.0,82.0,8.0,0.0,40.0,0.0,104.0,97.0,17.0,19.0,1.0,47.0,17.0,0.0,6.0,22.0
0.0,0.0,0.0,0.0,6.0,0.0,0.0,0.0,1.0,3.0,0.0,3.0,0.0,1.0,16.0,0.0,0.0,22.0,0.0,0.0,0.0,0.0,0.0,0.0,0.0,0.0,0.0,0.0,0.0,0.0,0.0,0.0,7.0,262.0,0.0,0.0,0.0,0.0,0.0,0.0,2.0,1.0,0.0,2.0,1.0,1.0,1.0,0.0,45.0,0.0,0.0,0.0,0.0,0.0,0.0,0.0,0.0,0.0,0.0,4.0,0.0,0.0,0.0,0.0,0.0,4.0,4.0,1.0,0.0,0.0,0.0,0.0,0.0,1.0,0.0,0.0,0.0,0.0,1.0,4.0,1.0,3.0,0.0,0.0,0.0,83.0,0.0,0.0,9.0,42.0,1.0,0.0,0.0,0.0,23.0,1.0,1.0,1.0,0.0,8.0,1.0,0.0,0.0,1.0
0.0,0.0,0.0,0.0,0.0,0.0,0.0,0.0,0.0,0.0,0.0,0.0,0.0,0.0,0.0,0.0,0.0,0.0,0.0,0.0,0.0,0.0,0.0,0.0,0.0,0.0,0.0,0.0,0.0,0.0,0.0,0.0,2.0,0.0,10.0,0.0,0.0,0.0,0.0,0.0,0.0,0.0,0.0,0.0,0.0,0.0,0.0,0.0,0.0,0.0,0.0,0.0,0.0,0.0,0.0,0.0,0.0,0.0,0.0,1.0,0.0,0.0,0.0,0.0,0.0,0.0,0.0,0.0,0.0,0.0,0.0,0.0,0.0,0.0,0.0,0.0,0.0,0.0,0.0,0.0,0.0,1.0,0.0,0.0,0.0,14.0,0.0,0.0,3.0,1.0,0.0,0.0,0.0,0.0,0.0,0.0,0.0,0.0,0.0,0.0,0.0,0.0,0.0,0.0
1.0,0.0,32.0,60.0,13.0,0.0,0.0,1.0,3.0,6.0,0.0,45.0,0.0,0.0,0.0,0.0,52.0,4.0,0.0,0.0,0.0,0.0,0.0,0.0,0.0,0.0,0.0,0.0,26.0,0.0,1.0,0.0,10.0,1.0,0.0,392.0,0.0,2.0,0.0,0.0,0.0,1.0,1.0,0.0,2.0,59.0,2.0,0.0,15.0,0.0,0.0,7.0,0.0,4.0,2.0,2.0,0.0,2.0,0.0,57.0,0.0,0.0,0.0,0.0,48.0,9.0,9.0,0.0,0.0,0.0,0.0,0.0,0.0,0.0,9.0,0.0,13.0,27.0,0.0,18.0,0.0,16.0,0.0,1.0,9.0,70.0,0.0,0.0,60.0,36.0,0.0,0.0,36.0,0.0,48.0,47.0,9.0,9.0,1.0,9.0,9.0,0.0,0.0,2.0
0.0,0.0,0.0,0.0,0.0,0.0,0.0,0.0,0.0,0.0,0.0,0.0,0.0,0.0,0.0,0.0,0.0,0.0,0.0,0.0,0.0,0.0,0.0,0.0,0.0,0.0,0.0,0.0,4.0,0.0,0.0,0.0,0.0,0.0,0.0,0.0,0.0,0.0,0.0,0.0,0.0,0.0,0.0,0.0,0.0,0.0,0.0,0.0,0.0,0.0,0.0,0.0,0.0,0.0,0.0,0.0,0.0,0.0,0.0,0.0,0.0,0.0,0.0,0.0,0.0,0.0,0.0,0.0,0.0,0.0,0.0,0.0,0.0,0.0,0.0,0.0,0.0,0.0,0.0,0.0,0.0,0.0,0.0,0.0,0.0,1.0,0.0,0.0,5.0,0.0,0.0,0.0,0.0,0.0,0.0,0.0,0.0,0.0,0.0,0.0,0.0,0.0,0.0,0.0
1.0,0.0,0.0,0.0,4.0,0.0,0.0,1.0,2.0,58.0,0.0,3.0,0.0,0.0,0.0,0.0,70.0,0.0,0.0,0.0,0.0,0.0,0.0,0.0,0.0,0.0,0.0,0.0,19.0,0.0,9.0,25.0,15.0,2.0,0.0,1.0,0.0,631.0,7.0,0.0,1.0,0.0,0.0,2.0,2.0,17.0,7.0,0.0,14.0,6.0,1.0,5.0,1.0,6.0,2.0,2.0,0.0,2.0,0.0,6.0,1.0,1.0,0.0,0.0,0.0,4.0,5.0,1.0,0.0,1.0,0.0,0.0,0.0,1.0,0.0,0.0,3.0,12.0,0.0,4.0,0.0,1.0,0.0,2.0,0.0,371.0,15.0,0.0,210.0,42.0,0.0,0.0,23.0,0.0,8.0,4.0,0.0,0.0,0.0,0.0,0.0,0.0,0.0,3.0
0.0,0.0,0.0,0.0,0.0,0.0,0.0,0.0,0.0,0.0,0.0,0.0,0.0,0.0,1.0,0.0,0.0,0.0,0.0,0.0,0.0,0.0,0.0,0.0,0.0,0.0,0.0,0.0,0.0,0.0,0.0,0.0,1.0,0.0,0.0,0.0,0.0,25.0,65.0,0.0,0.0,0.0,0.0,0.0,0.0,2.0,2.0,0.0,3.0,2.0,0.0,0.0,0.0,0.0,0.0,0.0,0.0,0.0,0.0,0.0,0.0,0.0,0.0,0.0,0.0,0.0,0.0,0.0,0.0,0.0,0.0,0.0,0.0,0.0,0.0,0.0,0.0,0.0,0.0,0.0,0.0,0.0,0.0,1.0,0.0,16.0,0.0,0.0,4.0,0.0,0.0,0.0,0.0,0.0,0.0,0.0,0.0,0.0,0.0,0.0,0.0,0.0,0.0,0.0
4.0,0.0,0.0,4.0,2.0,0.0,0.0,0.0,2.0,6.0,2.0,4.0,0.0,0.0,0.0,0.0,2.0,6.0,0.0,0.0,0.0,0.0,0.0,0.0,0.0,0.0,0.0,0.0,22.0,0.0,8.0,0.0,33.0,4.0,4.0,4.0,0.0,12.0,2.0,127.0,6.0,6.0,2.0,2.0,5.0,13.0,5.0,4.0,2.0,18.0,2.0,1.0,6.0,20.0,0.0,4.0,4.0,4.0,0.0,52.0,2.0,2.0,4.0,2.0,2.0,4.0,8.0,0.0,0.0,2.0,0.0,0.0,2.0,9.0,6.0,0.0,0.0,26.0,0.0,2.0,3.0,21.0,2.0,2.0,1.0,23.0,0.0,0.0,43.0,15.0,4.0,0.0,8.0,0.0,39.0,37.0,7.0,6.0,0.0,16.0,5.0,0.0,4.0,6.0
1.0,0.0,0.0,0.0,1.0,0.0,0.0,0.0,3.0,4.0,0.0,1.0,0.0,0.0,0.0,1.0,0.0,4.0,0.0,0.0,0.0,0.0,0.0,0.0,0.0,1.0,0.0,0.0,10.0,0.0,0.0,0.0,8.0,1.0,1.0,0.0,0.0,0.0,0.0,23.0,29.0,0.0,26.0,3.0,0.0,2.0,0.0,2.0,2.0,0.0,0.0,3.0,1.0,1.0,0.0,0.0,0.0,0.0,0.0,11.0,0.0,0.0,1.0,0.0,0.0,1.0,1.0,1.0,0.0,0.0,0.0,0.0,0.0,3.0,0.0,0.0,0.0,3.0,1.0,1.0,0.0,3.0,0.0,0.0,0.0,20.0,2.0,0.0,21.0,6.0,0.0,0.0,4.0,0.0,2.0,0.0,0.0,0.0,0.0,2.0,0.0,0.0,0.0,1.0
0.0,0.0,1.0,2.0,4.0,0.0,0.0,0.0,1.0,3.0,0.0,4.0,0.0,0.0,2.0,0.0,4.0,0.0,0.0,0.0,0.0,0.0,0.0,0.0,0.0,0.0,0.0,0.0,2.0,0.0,1.0,0.0,5.0,0.0,0.0,3.0,0.0,0.0,0.0,13.0,4.0,149.0,115.0,0.0,0.0,0.0,0.0,0.0,1.0,0.0,0.0,1.0,2.0,4.0,0.0,2.0,0.0,2.0,0.0,31.0,0.0,0.0,0.0,0.0,0.0,3.0,3.0,0.0,0.0,0.0,0.0,0.0,0.0,0.0,1.0,0.0,1.0,3.0,0.0,4.0,0.0,4.0,0.0,27.0,1.0,48.0,0.0,0.0,29.0,14.0,0.0,0.0,4.0,0.0,14.0,13.0,1.0,1.0,1.0,1.0,1.0,0.0,0.0,0.0
2.0,0.0,0.0,0.0,1.0,0.0,0.0,6.0,0.0,2.0,0.0,2.0,0.0,0.0,0.0,0.0,1.0,4.0,0.0,0.0,0.0,0.0,0.0,0.0,0.0,0.0,0.0,0.0,20.0,0.0,3.0,0.0,15.0,1.0,1.0,0.0,0.0,5.0,0.0,7.0,4.0,13.0,124.0,1.0,1.0,3.0,1.0,1.0,2.0,1.0,0.0,3.0,2.0,6.0,2.0,1.0,2.0,1.0,0.0,3.0,0.0,0.0,1.0,0.0,0.0,1.0,1.0,0.0,0.0,0.0,0.0,0.0,0.0,2.0,2.0,0.0,0.0,6.0,0.0,2.0,1.0,4.0,0.0,0.0,2.0,37.0,3.0,0.0,28.0,11.0,1.0,0.0,8.0,0.0,22.0,22.0,3.0,4.0,0.0,6.0,3.0,0.0,1.0,1.0
1.0,0.0,0.0,1.0,2.0,0.0,0.0,0.0,0.0,21.0,2.0,15.0,0.0,1.0,0.0,0.0,23.0,0.0,0.0,0.0,0.0,0.0,0.0,0.0,0.0,0.0,0.0,0.0,1.0,0.0,5.0,0.0,4.0,1.0,0.0,1.0,0.0,1.0,0.0,0.0,0.0,0.0,1.0,380.0,3.0,13.0,6.0,0.0,8.0,0.0,0.0,2.0,0.0,2.0,1.0,1.0,1.0,1.0,0.0,32.0,0.0,0.0,0.0,3.0,0.0,0.0,0.0,0.0,0.0,1.0,0.0,0.0,0.0,1.0,0.0,0.0,1.0,0.0,0.0,0.0,0.0,0.0,0.0,1.0,0.0,72.0,0.0,0.0,56.0,84.0,0.0,0.0,0.0,0.0,5.0,0.0,0.0,0.0,0.0,0.0,0.0,0.0,0.0,1.0
0.0,0.0,0.0,50.0,2.0,0.0,0.0,0.0,2.0,41.0,0.0,0.0,0.0,0.0,3.0,0.0,2.0,24.0,0.0,0.0,0.0,0.0,0.0,0.0,0.0,0.0,0.0,0.0,2.0,0.0,0.0,0.0,7.0,8.0,0.0,202.0,0.0,8.0,6.0,0.0,0.0,0.0,0.0,0.0,424.0,91.0,15.0,0.0,16.0,31.0,4.0,6.0,2.0,8.0,4.0,2.0,0.0,8.0,0.0,50.0,0.0,0.0,0.0,0.0,50.0,0.0,0.0,0.0,0.0,0.0,0.0,0.0,0.0,4.0,0.0,0.0,0.0,12.0,0.0,0.0,0.0,0.0,0.0,0.0,0.0,156.0,3.0,0.0,87.0,16.0,0.0,0.0,0.0,0.0,0.0,0.0,0.0,0.0,0.0,0.0,0.0,0.0,0.0,4.0
0.0,0.0,0.0,53.0,0.0,0.0,0.0,0.0,1.0,103.0,0.0,0.0,0.0,0.0,11.0,0.0,0.0,22.0,0.0,0.0,0.0,0.0,0.0,0.0,0.0,0.0,0.0,0.0,1.0,0.0,2.0,0.0,587.0,2.0,0.0,217.0,0.0,2.0,3.0,0.0,0.0,0.0,0.0,0.0,4.0,2893.0,13.0,0.0,167.0,7.0,1.0,54.0,1.0,3.0,1.0,1.0,0.0,1.0,0.0,120.0,0.0,0.0,0.0,0.0,53.0,0.0,13.0,0.0,0.0,0.0,0.0,0.0,0.0,0.0,0.0,0.0,0.0,0.0,0.0,0.0,0.0,3.0,0.0,0.0,0.0,431.0,39.0,0.0,400.0,19.0,0.0,0.0,78.0,18.0,22.0,0.0,0.0,0.0,30.0,0.0,0.0,0.0,0.0,1.0
0.0,0.0,0.0,0.0,0.0,0.0,0.0,0.0,0.0,39.0,0.0,0.0,0.0,1.0,2.0,0.0,0.0,0.0,0.0,0.0,0.0,0.0,0.0,0.0,0.0,0.0,0.0,0.0,0.0,0.0,0.0,0.0,88.0,0.0,0.0,0.0,0.0,0.0,0.0,0.0,0.0,0.0,0.0,0.0,2.0,182.0,659.0,0.0,29.0,0.0,0.0,86.0,0.0,0.0,0.0,0.0,0.0,0.0,0.0,86.0,0.0,0.0,0.0,0.0,0.0,0.0,0.0,0.0,0.0,0.0,0.0,0.0,0.0,0.0,0.0,0.0,0.0,0.0,0.0,0.0,0.0,0.0,0.0,0.0,0.0,40.0,5.0,0.0,45.0,30.0,0.0,0.0,10.0,3.0,0.0,0.0,0.0,0.0,4.0,0.0,0.0,0.0,0.0,0.0
2.0,0.0,0.0,0.0,2.0,0.0,0.0,9.0,6.0,1.0,0.0,13.0,0.0,0.0,0.0,2.0,1.0,12.0,0.0,0.0,0.0,0.0,0.0,0.0,0.0,2.0,0.0,0.0,0.0,0.0,0.0,0.0,17.0,2.0,2.0,0.0,0.0,5.0,0.0,4.0,2.0,0.0,2.0,1.0,2.0,6.0,0.0,137.0,7.0,2.0,0.0,13.0,2.0,2.0,4.0,0.0,1.0,0.0,0.0,25.0,0.0,0.0,2.0,0.0,0.0,2.0,2.0,2.0,0.0,0.0,0.0,0.0,0.0,6.0,1.0,0.0,0.0,9.0,2.0,4.0,0.0,8.0,0.0,0.0,1.0,26.0,2.0,0.0,8.0,12.0,0.0,0.0,4.0,0.0,9.0,9.0,3.0,3.0,0.0,5.0,3.0,0.0,0.0,2.0
7.0,0.0,14.0,1.0,5.0,0.0,0.0,1.0,18.0,12.0,0.0,30.0,0.0,0.0,7.0,2.0,28.0,66.0,0.0,0.0,0.0,0.0,3.0,0.0,0.0,4.0,0.0,0.0,48.0,0.0,0.0,0.0,36.0,10.0,2.0,32.0,0.0,9.0,3.0,8.0,2.0,0.0,2.0,2.0,5.0,33.0,5.0,6.0,283.0,9.0,2.0,14.0,5.0,14.0,5.0,3.0,4.0,3.0,0.0,55.0,0.0,2.0,2.0,0.0,0.0,7.0,7.0,5.0,0.0,0.0,0.0,0.0,0.0,17.0,8.0,0.0,7.0,34.0,3.0,9.0,3.0,29.0,0.0,0.0,8.0,124.0,1.0,0.0,47.0,38.0,1.0,0.0,24.0,0.0,44.0,37.0,8.0,8.0,0.0,14.0,8.0,0.0,0.0,9.0
0.0,0.0,0.0,2.0,1.0,0.0,0.0,0.0,1.0,88.0,3.0,19.0,0.0,0.0,1.0,0.0,64.0,5.0,0.0,0.0,0.0,0.0,0.0,0.0,0.0,0.0,0.0,0.0,96.0,0.0,6.0,4.0,97.0,2.0,2.0,2.0,0.0,9.0,1.0,4.0,1.0,1.0,1.0,3.0,24.0,187.0,22.0,1.0,28.0,927.0,19.0,65.0,2.0,6.0,0.0,2.0,0.0,11.0,0.0,74.0,2.0,2.0,1.0,1.0,1.0,3.0,29.0,2.0,0.0,1.0,0.0,0.0,1.0,2.0,2.0,0.0,2.0,5.0,0.0,3.0,1.0,0.0,1.0,1.0,0.0,384.0,1.0,0.0,194.0,57.0,1.0,0.0,0.0,0.0,7.0,6.0,2.0,1.0,0.0,5.0,1.0,0.0,1.0,3.0
0.0,0.0,0.0,0.0,0.0,0.0,0.0,0.0,0.0,62.0,0.0,0.0,0.0,0.0,3.0,0.0,2.0,0.0,0.0,0.0,0.0,0.0,0.0,0.0,0.0,0.0,0.0,0.0,0.0,0.0,0.0,0.0,0.0,0.0,0.0,0.0,0.0,0.0,0.0,0.0,0.0,0.0,0.0,0.0,0.0,1.0,0.0,0.0,7.0,20.0,570.0,3.0,0.0,0.0,0.0,0.0,1.0,6.0,0.0,1.0,0.0,0.0,0.0,0.0,0.0,0.0,0.0,0.0,0.0,0.0,0.0,6.0,0.0,4.0,0.0,0.0,0.0,1.0,0.0,0.0,0.0,0.0,0.0,82.0,0.0,33.0,1.0,0.0,53.0,27.0,0.0,0.0,0.0,0.0,0.0,1.0,1.0,0.0,0.0,0.0,0.0,0.0,0.0,0.0
1.0,0.0,1.0,8.0,1.0,0.0,0.0,0.0,0.0,18.0,0.0,12.0,0.0,0.0,10.0,0.0,0.0,1.0,0.0,0.0,0.0,0.0,0.0,0.0,0.0,0.0,0.0,0.0,5.0,0.0,7.0,0.0,58.0,2.0,1.0,0.0,0.0,11.0,0.0,1.0,1.0,3.0,3.0,4.0,2.0,15.0,3.0,0.0,15.0,6.0,0.0,589.0,1.0,3.0,2.0,0.0,2.0,0.0,0.0,22.0,2.0,2.0,0.0,0.0,0.0,3.0,4.0,3.0,0.0,1.0,0.0,0.0,0.0,2.0,0.0,0.0,0.0,2.0,0.0,3.0,0.0,3.0,0.0,36.0,0.0,89.0,10.0,0.0,115.0,10.0,0.0,0.0,0.0,0.0,24.0,20.0,3.0,4.0,2.0,2.0,3.0,0.0,0.0,4.0
15.0,0.0,0.0,0.0,0.0,0.0,0.0,0.0,0.0,1.0,5.0,10.0,0.0,0.0,0.0,0.0,0.0,5.0,0.0,0.0,0.0,0.0,0.0,0.0,0.0,0.0,0.0,0.0,0.0,0.0,0.0,5.0,0.0,0.0,0.0,0.0,0.0,15.0,0.0,0.0,0.0,30.0,0.0,5.0,5.0,0.0,15.0,0.0,0.0,0.0,5.0,0.0,25.0,25.0,0.0,0.0,0.0,5.0,0.0,1.0,0.0,0.0,0.0,0.0,0.0,0.0,5.0,0.0,0.0,0.0,0.0,0.0,0.0,0.0,0.0,0.0,0.0,0.0,0.0,0.0,0.0,2.0,0.0,0.0,0.0,26.0,0.0,0.0,4.0,7.0,0.0,0.0,0.0,0.0,30.0,30.0,0.0,0.0,0.0,0.0,0.0,0.0,0.0,0.0
16.0,0.0,0.0,6.0,5.0,0.0,0.0,11.0,2.0,14.0,4.0,33.0,0.0,3.0,3.0,0.0,3.0,25.0,0.0,0.0,0.0,0.0,0.0,0.0,0.0,1.0,0.0,0.0,63.0,2.0,6.0,0.0,23.0,9.0,3.0,9.0,0.0,35.0,4.0,7.0,3.0,8.0,7.0,3.0,10.0,55.0,28.0,2.0,34.0,19.0,2.0,19.0,5.0,623.0,21.0,9.0,2.0,9.0,0.0,46.0,3.0,4.0,1.0,1.0,1.0,5.0,9.0,3.0,0.0,2.0,0.0,0.0,1.0,6.0,6.0,0.0,0.0,17.0,0.0,9.0,2.0,10.0,1.0,2.0,3.0,127.0,4.0,0.0,176.0,95.0,2.0,0.0,13.0,0.0,52.0,51.0,5.0,4.0,1.0,11.0,4.0,0.0,1.0,12.0
1.0,0.0,0.0,0.0,0.0,0.0,0.0,0.0,0.0,2.0,0.0,14.0,0.0,0.0,4.0,0.0,0.0,0.0,0.0,0.0,0.0,0.0,0.0,0.0,0.0,0.0,0.0,0.0,2.0,0.0,0.0,0.0,0.0,0.0,0.0,0.0,0.0,1.0,0.0,0.0,0.0,0.0,5.0,0.0,0.0,1.0,2.0,0.0,7.0,0.0,0.0,0.0,0.0,11.0,50.0,0.0,0.0,0.0,0.0,0.0,0.0,0.0,6.0,0.0,0.0,0.0,0.0,0.0,0.0,0.0,0.0,0.0,0.0,0.0,0.0,0.0,0.0,0.0,0.0,0.0,0.0,0.0,0.0,2.0,0.0,27.0,5.0,0.0,2.0,6.0,0.0,0.0,0.0,0.0,2.0,2.0,0.0,0.0,0.0,0.0,0.0,0.0,0.0,0.0
5.0,0.0,0.0,0.0,0.0,0.0,0.0,0.0,0.0,14.0,1.0,2.0,0.0,1.0,0.0,0.0,0.0,1.0,0.0,0.0,0.0,0.0,0.0,0.0,0.0,0.0,0.0,0.0,0.0,0.0,0.0,1.0,0.0,0.0,0.0,0.0,0.0,5.0,0.0,13.0,0.0,44.0,0.0,1.0,1.0,0.0,5.0,0.0,0.0,0.0,1.0,0.0,0.0,35.0,0.0,209.0,0.0,1.0,0.0,0.0,0.0,0.0,0.0,0.0,0.0,0.0,1.0,0.0,0.0,0.0,0.0,0.0,0.0,0.0,0.0,0.0,0.0,0.0,0.0,0.0,0.0,0.0,0.0,0.0,0.0,22.0,0.0,0.0,22.0,29.0,0.0,0.0,0.0,0.0,10.0,10.0,0.0,0.0,0.0,0.0,0.0,0.0,0.0,0.0
0.0,0.0,0.0,0.0,0.0,0.0,0.0,0.0,0.0,6.0,0.0,1.0,0.0,0.0,0.0,0.0,0.0,0.0,0.0,0.0,0.0,0.0,0.0,0.0,0.0,0.0,0.0,0.0,0.0,0.0,0.0,0.0,0.0,0.0,0.0,0.0,0.0,0.0,0.0,0.0,0.0,0.0,0.0,0.0,0.0,0.0,0.0,0.0,0.0,0.0,0.0,0.0,0.0,4.0,0.0,0.0,18.0,0.0,0.0,0.0,0.0,0.0,10.0,0.0,0.0,0.0,0.0,0.0,0.0,0.0,0.0,0.0,0.0,0.0,0.0,0.0,0.0,0.0,0.0,0.0,0.0,2.0,0.0,0.0,0.0,14.0,0.0,0.0,29.0,12.0,0.0,0.0,0.0,0.0,0.0,0.0,0.0,0.0,0.0,0.0,0.0,0.0,0.0,0.0
0.0,0.0,0.0,0.0,0.0,0.0,0.0,0.0,0.0,18.0,0.0,0.0,0.0,0.0,0.0,0.0,3.0,0.0,0.0,0.0,0.0,0.0,0.0,0.0,0.0,0.0,0.0,0.0,0.0,0.0,0.0,0.0,0.0,0.0,0.0,0.0,0.0,0.0,0.0,0.0,0.0,0.0,0.0,0.0,1.0,6.0,4.0,0.0,0.0,13.0,0.0,0.0,0.0,20.0,0.0,0.0,0.0,64.0,0.0,0.0,0.0,0.0,0.0,0.0,0.0,0.0,0.0,0.0,0.0,0.0,0.0,0.0,0.0,0.0,0.0,0.0,0.0,0.0,0.0,0.0,0.0,0.0,0.0,0.0,0.0,26.0,0.0,0.0,28.0,2.0,0.0,0.0,0.0,0.0,0.0,0.0,0.0,0.0,0.0,0.0,0.0,0.0,0.0,0.0
0.0,0.0,0.0,0.0,0.0,0.0,0.0,0.0,0.0,0.0,0.0,0.0,0.0,1.0,0.0,0.0,0.0,0.0,0.0,0.0,0.0,0.0,0.0,0.0,0.0,0.0,0.0,0.0,0.0,0.0,0.0,0.0,25.0,0.0,0.0,0.0,0.0,0.0,0.0,0.0,0.0,0.0,0.0,0.0,0.0,0.0,0.0,0.0,0.0,0.0,0.0,0.0,0.0,0.0,0.0,0.0,0.0,0.0,45.0,0.0,0.0,0.0,0.0,0.0,0.0,0.0,0.0,0.0,0.0,0.0,0.0,0.0,0.0,0.0,0.0,0.0,0.0,0.0,0.0,0.0,0.0,0.0,0.0,0.0,0.0,34.0,0.0,0.0,2.0,6.0,0.0,0.0,0.0,0.0,0.0,0.0,0.0,0.0,0.0,0.0,0.0,0.0,0.0,0.0
33.0,0.0,11.0,16.0,43.0,0.0,0.0,12.0,17.0,104.0,43.0,32.0,0.0,19.0,4.0,4.0,58.0,190.0,0.0,0.0,0.0,0.0,0.0,0.0,0.0,14.0,0.0,0.0,25.0,0.0,48.0,6.0,189.0,25.0,16.0,83.0,0.0,46.0,0.0,62.0,16.0,0.0,0.0,31.0,0.0,84.0,8.0,42.0,47.0,24.0,0.0,24.0,22.0,55.0,4.0,0.0,30.0,0.0,0.0,2437.0,15.0,27.0,11.0,10.0,14.0,190.0,231.0,59.0,44.0,39.0,8.0,7.0,11.0,218.0,41.0,35.0,13.0,151.0,36.0,194.0,38.0,73.0,25.0,18.0,51.0,378.0,6.0,2.0,324.0,400.0,36.0,0.0,102.0,0.0,226.0,211.0,55.0,48.0,2.0,89.0,46.0,0.0,6.0,35.0
2.0,0.0,0.0,0.0,1.0,0.0,0.0,0.0,3.0,11.0,0.0,1.0,0.0,1.0,0.0,1.0,0.0,4.0,0.0,0.0,0.0,0.0,0.0,0.0,0.0,1.0,0.0,0.0,0.0,0.0,0.0,0.0,32.0,1.0,1.0,0.0,0.0,3.0,0.0,2.0,1.0,0.0,0.0,0.0,0.0,51.0,2.0,2.0,2.0,0.0,0.0,29.0,1.0,2.0,0.0,0.0,0.0,0.0,0.0,52.0,46.0,7.0,1.0,0.0,0.0,2.0,3.0,2.0,0.0,1.0,0.0,0.0,0.0,3.0,0.0,0.0,0.0,3.0,1.0,2.0,0.0,2.0,0.0,0.0,0.0,51.0,0.0,0.0,125.0,22.0,0.0,0.0,0.0,0.0,2.0,2.0,0.0,0.0,0.0,2.0,0.0,0.0,0.0,1.0
9.0,0.0,0.0,0.0,1.0,0.0,0.0,0.0,3.0,7.0,0.0,1.0,0.0,0.0,0.0,1.0,0.0,4.0,0.0,0.0,0.0,0.0,0.0,0.0,0.0,1.0,0.0,0.0,0.0,0.0,0.0,0.0,51.0,1.0,1.0,0.0,0.0,3.0,0.0,2.0,1.0,0.0,0.0,0.0,0.0,89.0,2.0,2.0,2.0,0.0,0.0,48.0,1.0,2.0,0.0,0.0,0.0,0.0,0.0,92.0,8.0,54.0,1.0,7.0,0.0,2.0,3.0,9.0,7.0,8.0,0.0,0.0,0.0,3.0,0.0,35.0,0.0,3.0,8.0,2.0,7.0,3.0,0.0,0.0,0.0,41.0,0.0,0.0,88.0,21.0,0.0,0.0,0.0,0.0,2.0,2.0,0.0,0.0,0.0,2.0,0.0,0.0,0.0,1.0
0.0,0.0,0.0,0.0,0.0,0.0,0.0,0.0,0.0,0.0,0.0,0.0,0.0,0.0,0.0,0.0,0.0,0.0,0.0,0.0,0.0,0.0,0.0,0.0,0.0,0.0,0.0,0.0,0.0,0.0,0.0,0.0,0.0,0.0,0.0,0.0,0.0,0.0,0.0,0.0,0.0,0.0,0.0,0.0,0.0,1.0,1.0,0.0,0.0,0.0,0.0,0.0,0.0,0.0,0.0,0.0,0.0,0.0,0.0,14.0,0.0,0.0,12.0,0.0,0.0,0.0,0.0,0.0,0.0,0.0,0.0,0.0,0.0,0.0,0.0,0.0,0.0,0.0,0.0,0.0,0.0,1.0,0.0,0.0,0.0,1.0,0.0,0.0,5.0,0.0,0.0,0.0,0.0,0.0,0.0,0.0,0.0,0.0,0.0,0.0,0.0,0.0,0.0,0.0
7.0,0.0,0.0,0.0,0.0,0.0,0.0,0.0,0.0,0.0,0.0,0.0,0.0,0.0,0.0,0.0,0.0,0.0,0.0,0.0,0.0,0.0,0.0,0.0,0.0,0.0,0.0,0.0,0.0,0.0,0.0,0.0,0.0,0.0,0.0,0.0,0.0,0.0,0.0,0.0,0.0,0.0,0.0,3.0,0.0,0.0,0.0,0.0,0.0,0.0,0.0,0.0,0.0,0.0,0.0,0.0,0.0,0.0,0.0,13.0,0.0,7.0,0.0,10.0,0.0,0.0,0.0,7.0,7.0,7.0,0.0,0.0,0.0,1.0,0.0,35.0,0.0,1.0,7.0,0.0,7.0,0.0,0.0,0.0,0.0,2.0,0.0,0.0,5.0,0.0,0.0,0.0,0.0,0.0,0.0,0.0,0.0,0.0,0.0,0.0,0.0,0.0,0.0,0.0
0.0,0.0,0.0,1.0,0.0,0.0,0.0,0.0,0.0,3.0,0.0,0.0,0.0,0.0,0.0,0.0,0.0,0.0,0.0,0.0,0.0,0.0,0.0,0.0,0.0,0.0,0.0,0.0,0.0,0.0,0.0,0.0,0.0,0.0,0.0,9.0,0.0,0.0,0.0,0.0,0.0,0.0,0.0,0.0,0.0,1.0,0.0,0.0,0.0,0.0,0.0,0.0,0.0,0.0,0.0,0.0,0.0,0.0,0.0,8.0,0.0,0.0,0.0,0.0,2.0,0.0,0.0,0.0,0.0,0.0,0.0,0.0,0.0,0.0,0.0,0.0,0.0,0.0,0.0,0.0,0.0,0.0,0.0,0.0,0.0,0.0,0.0,0.0,3.0,0.0,0.0,0.0,0.0,0.0,0.0,0.0,0.0,0.0,0.0,0.0,0.0,0.0,0.0,0.0
8.0,0.0,0.0,0.0,0.0,0.0,0.0,0.0,0.0,22.0,0.0,0.0,0.0,9.0,0.0,0.0,0.0,0.0,0.0,0.0,0.0,0.0,0.0,0.0,0.0,0.0,0.0,0.0,0.0,0.0,5.0,0.0,7.0,2.0,0.0,0.0,0.0,4.0,0.0,2.0,0.0,0.0,0.0,2.0,2.0,3.0,4.0,0.0,1.0,0.0,0.0,4.0,0.0,2.0,0.0,0.0,0.0,0.0,0.0,196.0,2.0,9.0,0.0,7.0,0.0,453.0,143.0,22.0,13.0,15.0,0.0,0.0,0.0,40.0,1.0,35.0,2.0,5.0,13.0,55.0,9.0,9.0,0.0,0.0,3.0,100.0,0.0,0.0,132.0,73.0,3.0,0.0,2.0,0.0,4.0,4.0,1.0,1.0,1.0,2.0,1.0,0.0,0.0,1.0
8.0,0.0,0.0,0.0,0.0,0.0,0.0,0.0,0.0,51.0,0.0,1.0,0.0,14.0,0.0,0.0,1.0,0.0,0.0,0.0,0.0,0.0,0.0,0.0,0.0,0.0,0.0,0.0,0.0,0.0,1.0,0.0,13.0,2.0,0.0,0.0,0.0,4.0,0.0,2.0,0.0,0.0,0.0,2.0,2.0,9.0,4.0,0.0,1.0,0.0,0.0,4.0,0.0,2.0,0.0,0.0,0.0,0.0,0.0,208.0,2.0,9.0,0.0,7.0,0.0,146.0,879.0,19.0,10.0,16.0,46.0,0.0,0.0,38.0,1.0,35.0,4.0,6.0,8.0,55.0,11.0,4.0,0.0,0.0,15.0,203.0,0.0,0.0,188.0,77.0,4.0,0.0,2.0,0.0,4.0,4.0,1.0,1.0,1.0,3.0,1.0,0.0,0.0,1.0
8.0,0.0,0.0,0.0,0.0,0.0,0.0,0.0,0.0,16.0,0.0,0.0,0.0,0.0,0.0,0.0,0.0,0.0,0.0,0.0,0.0,0.0,0.0,0.0,0.0,0.0,0.0,0.0,0.0,0.0,2.0,0.0,3.0,1.0,0.0,0.0,0.0,3.0,0.0,0.0,0.0,0.0,0.0,0.0,0.0,3.0,4.0,0.0,1.0,0.0,0.0,2.0,0.0,1.0,0.0,0.0,0.0,0.0,0.0,125.0,1.0,8.0,0.0,7.0,0.0,8.0,9.0,191.0,8.0,15.0,0.0,0.0,0.0,7.0,0.0,75.0,0.0,1.0,8.0,8.0,9.0,3.0,0.0,0.0,1.0,64.0,0.0,0.0,117.0,18.0,2.0,0.0,0.0,0.0,3.0,3.0,1.0,1.0,0.0,3.0,1.0,0.0,0.0,1.0
7.0,0.0,0.0,0.0,0.0,0.0,2.0,0.0,0.0,1.0,0.0,0.0,0.0,0.0,0.0,0.0,0.0,0.0,0.0,0.0,0.0,0.0,0.0,0.0,0.0,0.0,0.0,0.0,0.0,0.0,0.0,0.0,0.0,0.0,0.0,0.0,0.0,0.0,0.0,0.0,0.0,0.0,0.0,0.0,0.0,0.0,0.0,0.0,0.0,0.0,0.0,0.0,0.0,0.0,0.0,0.0,0.0,0.0,0.0,46.0,0.0,7.0,0.0,7.0,0.0,4.0,4.0,11.0,32.0,9.0,0.0,0.0,0.0,5.0,0.0,35.0,0.0,2.0,7.0,4.0,9.0,0.0,0.0,0.0,2.0,1.0,0.0,0.0,19.0,25.0,2.0,0.0,0.0,0.0,0.0,0.0,0.0,0.0,0.0,2.0,0.0,0.0,0.0,0.0
8.0,0.0,0.0,0.0,0.0,0.0,0.0,0.0,0.0,15.0,0.0,0.0,0.0,0.0,0.0,0.0,0.0,0.0,0.0,0.0,0.0,0.0,0.0,0.0,0.0,0.0,0.0,0.0,0.0,0.0,0.0,0.0,1.0,0.0,0.0,0.0,0.0,3.0,0.0,0.0,0.0,0.0,0.0,0.0,0.0,1.0,2.0,0.0,0.0,0.0,0.0,2.0,0.0,1.0,0.0,0.0,0.0,0.0,0.0,48.0,1.0,8.0,0.0,7.0,0.0,8.0,9.0,13.0,8.0,114.0,0.0,0.0,1.0,2.0,0.0,52.0,0.0,2.0,7.0,8.0,8.0,0.0,1.0,0.0,1.0,81.0,0.0,0.0,108.0,34.0,2.0,0.0,0.0,0.0,2.0,2.0,0.0,0.0,0.0,1.0,0.0,0.0,0.0,0.0
0.0,0.0,0.0,0.0,0.0,0.0,0.0,0.0,0.0,18.0,0.0,0.0,0.0,0.0,0.0,0.0,5.0,0.0,0.0,0.0,0.0,0.0,0.0,0.0,0.0,0.0,0.0,0.0,0.0,0.0,0.0,0.0,0.0,0.0,0.0,0.0,0.0,0.0,0.0,0.0,0.0,0.0,0.0,0.0,0.0,0.0,0.0,0.0,0.0,0.0,0.0,0.0,0.0,0.0,0.0,0.0,0.0,0.0,0.0,78.0,0.0,0.0,0.0,0.0,0.0,1.0,6.0,1.0,0.0,1.0,232.0,0.0,0.0,0.0,0.0,0.0,7.0,2.0,0.0,26.0,0.0,0.0,0.0,2.0,0.0,79.0,0.0,1.0,20.0,46.0,0.0,0.0,0.0,0.0,10.0,8.0,2.0,0.0,0.0,0.0,0.0,0.0,0.0,0.0
0.0,0.0,0.0,115.0,0.0,0.0,0.0,0.0,1.0,43.0,1.0,1.0,0.0,0.0,0.0,0.0,1.0,3.0,0.0,0.0,0.0,0.0,0.0,0.0,0.0,0.0,0.0,0.0,4.0,0.0,1.0,0.0,4.0,1.0,1.0,454.0,0.0,4.0,1.0,2.0,1.0,1.0,1.0,1.0,1.0,116.0,1.0,1.0,0.0,8.0,1.0,0.0,1.0,4.0,0.0,1.0,0.0,1.0,0.0,153.0,1.0,1.0,1.0,1.0,114.0,1.0,3.0,0.0,0.0,1.0,0.0,396.0,1.0,39.0,4.0,0.0,0.0,3.0,0.0,1.0,1.0,0.0,1.0,1.0,0.0,60.0,0.0,0.0,54.0,24.0,1.0,0.0,0.0,0.0,3.0,2.0,1.0,0.0,0.0,47.0,0.0,0.0,1.0,2.0
7.0,0.0,0.0,0.0,0.0,0.0,0.0,0.0,0.0,1.0,0.0,0.0,0.0,0.0,0.0,0.0,0.0,0.0,0.0,0.0,0.0,0.0,0.0,0.0,0.0,0.0,0.0,0.0,0.0,0.0,0.0,0.0,0.0,0.0,0.0,0.0,0.0,0.0,0.0,0.0,0.0,0.0,0.0,0.0,0.0,0.0,0.0,0.0,0.0,0.0,0.0,0.0,0.0,0.0,0.0,0.0,0.0,0.0,0.0,9.0,0.0,7.0,0.0,7.0,0.0,0.0,0.0,42.0,7.0,7.0,0.0,0.0,17.0,0.0,0.0,35.0,0.0,0.0,7.0,0.0,7.0,0.0,0.0,0.0,0.0,0.0,0.0,0.0,22.0,0.0,0.0,0.0,0.0,0.0,0.0,0.0,0.0,0.0,0.0,0.0,0.0,0.0,0.0,0.0
12.0,0.0,0.0,157.0,3.0,0.0,0.0,0.0,3.0,40.0,0.0,1.0,0.0,6.0,0.0,1.0,0.0,47.0,0.0,0.0,0.0,0.0,0.0,0.0,0.0,2.0,0.0,0.0,6.0,0.0,3.0,3.0,34.0,8.0,2.0,630.0,0.0,7.0,0.0,7.0,1.0,0.0,0.0,3.0,2.0,191.0,2.0,4.0,6.0,9.0,2.0,10.0,3.0,9.0,2.0,0.0,4.0,0.0,0.0,317.0,6.0,14.0,2.0,7.0,157.0,51.0,51.0,18.0,21.0,11.0,0.0,31.0,9.0,788.0,4.0,35.0,0.0,23.0,20.0,41.0,10.0,18.0,9.0,0.0,8.0,105.0,3.0,0.0,161.0,99.0,4.0,0.0,8.0,0.0,26.0,19.0,5.0,4.0,0.0,122.0,4.0,0.0,1.0,9.0
8.0,0.0,8.0,78.0,1.0,0.0,0.0,0.0,3.0,23.0,0.0,12.0,0.0,3.0,0.0,1.0,12.0,4.0,0.0,0.0,0.0,0.0,0.0,0.0,0.0,1.0,0.0,0.0,0.0,0.0,2.0,0.0,10.0,9.0,1.0,327.0,0.0,0.0,0.0,2.0,3.0,0.0,0.0,2.0,0.0,80.0,0.0,2.0,5.0,0.0,0.0,3.0,1.0,1.0,0.0,0.0,0.0,0.0,0.0,225.0,0.0,7.0,1.0,7.0,84.0,34.0,34.0,15.0,8.0,11.0,0.0,26.0,0.0,43.0,487.0,35.0,3.0,21.0,10.0,62.0,7.0,4.0,0.0,0.0,3.0,59.0,2.0,0.0,54.0,45.0,0.0,0.0,16.0,0.0,25.0,23.0,3.0,3.0,0.0,84.0,3.0,0.0,0.0,1.0
35.0,0.0,0.0,0.0,0.0,0.0,0.0,0.0,0.0,0.0,0.0,0.0,0.0,0.0,0.0,0.0,0.0,0.0,0.0,0.0,0.0,0.0,0.0,0.0,0.0,0.0,0.0,0.0,0.0,0.0,0.0,0.0,0.0,0.0,0.0,0.0,0.0,0.0,0.0,0.0,0.0,0.0,0.0,0.0,0.0,0.0,0.0,0.0,0.0,0.0,0.0,0.0,0.0,0.0,0.0,0.0,0.0,0.0,0.0,0.0,0.0,35.0,0.0,35.0,0.0,0.0,0.0,35.0,35.0,35.0,0.0,0.0,0.0,0.0,0.0,202.0,0.0,0.0,35.0,0.0,35.0,0.0,0.0,0.0,0.0,2.0,0.0,0.0,2.0,0.0,0.0,0.0,0.0,0.0,0.0,0.0,0.0,0.0,0.0,0.0,0.0,0.0,0.0,0.0
0.0,0.0,14.0,0.0,0.0,0.0,0.0,0.0,0.0,2.0,0.0,18.0,0.0,0.0,0.0,0.0,32.0,3.0,0.0,0.0,0.0,0.0,0.0,0.0,0.0,0.0,0.0,0.0,14.0,0.0,1.0,0.0,4.0,0.0,0.0,29.0,0.0,2.0,0.0,0.0,0.0,0.0,0.0,0.0,0.0,0.0,0.0,0.0,7.0,1.0,0.0,0.0,0.0,0.0,0.0,0.0,0.0,0.0,0.0,6.0,0.0,0.0,0.0,0.0,0.0,0.0,0.0,0.0,0.0,0.0,0.0,0.0,0.0,0.0,4.0,0.0,57.0,12.0,0.0,4.0,0.0,7.0,0.0,0.0,4.0,36.0,0.0,0.0,25.0,16.0,0.0,0.0,16.0,0.0,20.0,20.0,4.0,4.0,0.0,4.0,4.0,0.0,0.0,0.0
0.0,0.0,24.0,0.0,0.0,0.0,0.0,0.0,0.0,17.0,6.0,32.0,0.0,3.0,6.0,0.0,37.0,0.0,0.0,0.0,0.0,0.0,0.0,0.0,0.0,0.0,0.0,0.0,0.0,0.0,0.0,0.0,17.0,0.0,0.0,45.0,0.0,0.0,0.0,0.0,0.0,0.0,0.0,0.0,0.0,2.0,2.0,3.0,9.0,0.0,0.0,1.0,0.0,0.0,0.0,0.0,0.0,0.0,0.0,168.0,0.0,0.0,0.0,0.0,0.0,4.0,5.0,2.0,1.0,1.0,0.0,0.0,0.0,4.0,9.0,0.0,9.0,207.0,0.0,14.0,1.0,7.0,0.0,0.0,10.0,103.0,0.0,0.0,94.0,65.0,1.0,0.0,36.0,0.0,45.0,45.0,9.0,9.0,0.0,10.0,9.0,0.0,0.0,0.0
7.0,0.0,0.0,0.0,0.0,0.0,0.0,0.0,0.0,0.0,0.0,0.0,0.0,0.0,0.0,0.0,0.0,0.0,0.0,0.0,0.0,0.0,0.0,0.0,0.0,0.0,0.0,0.0,0.0,0.0,0.0,0.0,2.0,1.0,0.0,0.0,0.0,0.0,0.0,0.0,0.0,0.0,0.0,0.0,0.0,0.0,0.0,0.0,1.0,0.0,0.0,0.0,0.0,0.0,0.0,0.0,0.0,0.0,0.0,14.0,0.0,7.0,0.0,7.0,0.0,1.0,1.0,8.0,7.0,7.0,0.0,0.0,0.0,1.0,0.0,35.0,0.0,0.0,13.0,1.0,8.0,2.0,0.0,0.0,0.0,0.0,0.0,0.0,3.0,0.0,1.0,0.0,0.0,0.0,1.0,1.0,1.0,1.0,0.0,0.0,1.0,0.0,0.0,1.0
0.0,0.0,9.0,5.0,8.0,0.0,0.0,0.0,2.0,106.0,0.0,13.0,0.0,34.0,0.0,0.0,22.0,0.0,0.0,0.0,0.0,0.0,0.0,0.0,0.0,0.0,0.0,0.0,1.0,0.0,6.0,2.0,13.0,3.0,0.0,18.0,0.0,0.0,0.0,4.0,1.0,1.0,0.0,4.0,1.0,3.0,3.0,0.0,15.0,0.0,0.0,4.0,0.0,0.0,0.0,0.0,0.0,0.0,0.0,316.0,4.0,4.0,0.0,0.0,0.0,60.0,62.0,12.0,10.0,7.0,6.0,0.0,4.0,42.0,6.0,0.0,13.0,29.0,9.0,2166.0,4.0,7.0,4.0,1.0,12.0,107.0,0.0,0.0,298.0,121.0,4.0,0.0,20.0,0.0,27.0,26.0,6.0,6.0,3.0,10.0,6.0,0.0,0.0,1.0
7.0,0.0,0.0,0.0,0.0,0.0,0.0,0.0,0.0,4.0,0.0,0.0,0.0,0.0,0.0,0.0,0.0,0.0,0.0,0.0,0.0,0.0,0.0,0.0,0.0,0.0,0.0,0.0,0.0,0.0,0.0,0.0,2.0,1.0,0.0,0.0,0.0,0.0,0.0,0.0,0.0,0.0,0.0,1.0,0.0,1.0,1.0,0.0,1.0,0.0,0.0,0.0,0.0,0.0,0.0,0.0,0.0,0.0,0.0,44.0,0.0,7.0,0.0,7.0,0.0,3.0,4.0,10.0,9.0,9.0,0.0,0.0,0.0,5.0,0.0,35.0,0.0,3.0,8.0,4.0,42.0,2.0,0.0,0.0,2.0,6.0,0.0,0.0,15.0,22.0,3.0,0.0,0.0,0.0,1.0,1.0,1.0,1.0,0.0,2.0,1.0,0.0,0.0,1.0
3.0,0.0,12.0,0.0,2.0,0.0,0.0,0.0,3.0,3.0,0.0,16.0,0.0,0.0,0.0,1.0,24.0,23.0,0.0,0.0,0.0,0.0,0.0,0.0,0.0,2.0,0.0,0.0,16.0,0.0,0.0,0.0,18.0,3.0,1.0,23.0,0.0,1.0,0.0,4.0,1.0,0.0,0.0,0.0,0.0,3.0,0.0,3.0,11.0,0.0,0.0,3.0,2.0,3.0,0.0,0.0,2.0,0.0,0.0,51.0,0.0,1.0,1.0,0.0,0.0,4.0,4.0,3.0,0.0,0.0,0.0,0.0,0.0,10.0,4.0,0.0,6.0,14.0,2.0,5.0,2.0,63.0,0.0,0.0,4.0,24.0,0.0,0.0,42.0,20.0,1.0,0.0,12.0,0.0,18.0,18.0,4.0,4.0,0.0,7.0,4.0,0.0,0.0,3.0
7.0,0.0,0.0,0.0,0.0,0.0,0.0,0.0,0.0,5.0,0.0,0.0,0.0,1.0,0.0,0.0,0.0,0.0,0.0,0.0,0.0,0.0,0.0,0.0,0.0,0.0,0.0,0.0,0.0,0.0,0.0,0.0,0.0,0.0,0.0,0.0,0.0,0.0,0.0,0.0,0.0,0.0,0.0,0.0,0.0,0.0,0.0,0.0,0.0,0.0,0.0,0.0,0.0,0.0,0.0,0.0,0.0,0.0,0.0,12.0,0.0,7.0,0.0,7.0,0.0,3.0,3.0,37.0,7.0,7.0,0.0,0.0,0.0,2.0,0.0,48.0,0.0,0.0,7.0,2.0,7.0,0.0,32.0,0.0,0.0,0.0,0.0,0.0,29.0,3.0,0.0,0.0,0.0,0.0,0.0,0.0,0.0,0.0,0.0,0.0,0.0,0.0,0.0,0.0
0.0,1.0,0.0,0.0,0.0,0.0,0.0,0.0,0.0,74.0,0.0,29.0,0.0,18.0,8.0,0.0,4.0,2.0,0.0,0.0,0.0,0.0,0.0,0.0,0.0,0.0,2.0,2.0,2.0,0.0,19.0,0.0,10.0,0.0,0.0,0.0,0.0,42.0,0.0,0.0,0.0,0.0,0.0,44.0,0.0,8.0,0.0,0.0,0.0,0.0,0.0,4.0,0.0,0.0,0.0,0.0,0.0,0.0,0.0,238.0,0.0,0.0,0.0,0.0,0.0,0.0,4.0,0.0,0.0,0.0,2.0,4.0,0.0,25.0,0.0,0.0,4.0,2.0,0.0,0.0,0.0,0.0,0.0,240.0,0.0,195.0,0.0,0.0,113.0,49.0,2.0,0.0,0.0,0.0,67.0,46.0,4.0,0.0,0.0,2.0,0.0,0.0,0.0,19.0
4.0,0.0,9.0,0.0,2.0,0.0,0.0,0.0,0.0,15.0,0.0,12.0,0.0,3.0,0.0,0.0,20.0,0.0,0.0,0.0,0.0,0.0,0.0,0.0,0.0,0.0,0.0,0.0,0.0,0.0,6.0,0.0,20.0,2.0,2.0,18.0,0.0,4.0,0.0,6.0,0.0,0.0,0.0,0.0,0.0,4.0,0.0,2.0,6.0,2.0,0.0,0.0,2.0,8.0,0.0,0.0,4.0,0.0,0.0,94.0,0.0,0.0,2.0,0.0,0.0,7.0,7.0,3.0,2.0,1.0,0.0,0.0,0.0,9.0,6.0,0.0,7.0,20.0,0.0,9.0,1.0,6.0,0.0,0.0,370.0,40.0,0.0,0.0,29.0,39.0,3.0,0.0,24.0,0.0,36.0,36.0,13.0,8.0,0.0,11.0,8.0,0.0,2.0,2.0
4.0,0.0,31.0,10.0,15.0,0.0,0.0,0.0,12.0,43.0,9.0,144.0,0.0,9.0,28.0,2.0,59.0,19.0,0.0,0.0,0.0,0.0,0.0,0.0,0.0,2.0,0.0,0.0,22.0,3.0,11.0,0.0,62.0,6.0,5.0,66.0,0.0,10.0,2.0,12.0,5.0,3.0,2.0,8.0,11.0,57.0,32.0,7.0,19.0,19.0,2.0,19.0,5.0,14.0,0.0,3.0,5.0,2.0,0.0,115.0,2.0,2.0,5.0,2.0,2.0,14.0,20.0,2.0,0.0,2.0,0.0,0.0,2.0,12.0,16.0,0.0,14.0,64.0,2.0,27.0,2.0,28.0,2.0,37.0,13.0,2079.0,2.0,1.0,201.0,154.0,3.0,0.0,52.0,0.0,93.0,82.0,14.0,12.0,1.0,26.0,12.0,0.0,3.0,8.0
0.0,0.0,0.0,0.0,1.0,0.0,0.0,0.0,0.0,2.0,0.0,39.0,0.0,0.0,0.0,0.0,0.0,16.0,0.0,0.0,0.0,0.0,0.0,0.0,0.0,1.0,0.0,0.0,2.0,0.0,2.0,0.0,7.0,1.0,1.0,3.0,0.0,7.0,0.0,3.0,1.0,0.0,7.0,4.0,4.0,5.0,0.0,1.0,20.0,7.0,0.0,7.0,1.0,5.0,4.0,0.0,2.0,0.0,0.0,5.0,0.0,1.0,0.0,0.0,0.0,1.0,5.0,0.0,0.0,0.0,0.0,0.0,0.0,2.0,2.0,0.0,0.0,9.0,0.0,2.0,1.0,3.0,0.0,1.0,1.0,23.0,38.0,0.0,7.0,3.0,1.0,0.0,5.0,0.0,18.0,16.0,5.0,5.0,0.0,4.0,5.0,0.0,0.0,3.0
0.0,0.0,0.0,0.0,0.0,0.0,0.0,0.0,0.0,15.0,0.0,5.0,0.0,0.0,0.0,0.0,1.0,1.0,0.0,0.0,0.0,0.0,0.0,0.0,0.0,7.0,0.0,0.0,1.0,15.0,0.0,0.0,7.0,0.0,0.0,0.0,0.0,0.0,0.0,0.0,0.0,0.0,0.0,5.0,0.0,0.0,0.0,0.0,0.0,0.0,0.0,0.0,0.0,0.0,0.0,0.0,0.0,0.0,0.0,10.0,0.0,0.0,0.0,0.0,0.0,0.0,0.0,0.0,0.0,0.0,0.0,0.0,0.0,0.0,0.0,0.0,0.0,0.0,0.0,3.0,0.0,2.0,1.0,1.0,0.0,81.0,0.0,131.0,38.0,30.0,0.0,0.0,0.0,0.0,1.0,0.0,0.0,0.0,0.0,0.0,0.0,0.0,0.0,0.0
0.0,0.0,0.0,3.0,5.0,0.0,0.0,0.0,2.0,19.0,1.0,4.0,0.0,9.0,2.0,0.0,2.0,19.0,0.0,0.0,0.0,0.0,0.0,0.0,0.0,1.0,0.0,0.0,9.0,0.0,3.0,0.0,45.0,2.0,2.0,3.0,0.0,7.0,1.0,6.0,2.0,1.0,1.0,2.0,2.0,6.0,2.0,2.0,3.0,13.0,1.0,0.0,2.0,7.0,0.0,1.0,2.0,1.0,0.0,15.0,3.0,4.0,1.0,1.0,1.0,7.0,10.0,0.0,2.0,1.0,0.0,4.0,3.0,10.0,4.0,0.0,0.0,7.0,2.0,8.0,2.0,12.0,3.0,2.0,3.0,38.0,0.0,0.0,393.0,38.0,3.0,0.0,6.0,0.0,11.0,10.0,3.0,1.0,0.0,9.0,1.0,0.0,1.0,3.0
25.0,0.0,24.0,0.0,2.0,0.0,8.0,0.0,0.0,38.0,1.0,38.0,0.0,5.0,18.0,0.0,49.0,0.0,0.0,0.0,0.0,0.0,0.0,0.0,0.0,0.0,0.0,0.0,0.0,0.0,25.0,0.0,32.0,4.0,2.0,45.0,0.0,4.0,0.0,6.0,0.0,0.0,0.0,12.0,7.0,23.0,19.0,2.0,16.0,2.0,0.0,1.0,2.0,8.0,0.0,0.0,4.0,0.0,0.0,182.0,0.0,21.0,2.0,21.0,0.0,21.0,34.0,35.0,46.0,28.0,4.0,0.0,0.0,39.0,11.0,105.0,9.0,35.0,26.0,47.0,25.0,11.0,0.0,8.0,15.0,270.0,0.0,0.0,111.0,1585.0,7.0,0.0,44.0,0.0,68.0,67.0,16.0,17.0,0.0,17.0,16.0,0.0,2.0,4.0
0.0,0.0,0.0,0.0,1.0,0.0,0.0,0.0,0.0,1.0,0.0,3.0,0.0,0.0,0.0,0.0,0.0,17.0,0.0,0.0,0.0,0.0,0.0,0.0,0.0,1.0,0.0,0.0,2.0,0.0,5.0,0.0,21.0,4.0,2.0,1.0,0.0,8.0,0.0,7.0,2.0,1.0,1.0,1.0,1.0,4.0,0.0,1.0,6.0,8.0,0.0,2.0,3.0,6.0,1.0,0.0,2.0,0.0,0.0,65.0,1.0,2.0,0.0,0.0,0.0,7.0,8.0,5.0,1.0,2.0,0.0,0.0,0.0,8.0,2.0,0.0,0.0,7.0,2.0,8.0,5.0,5.0,0.0,1.0,4.0,18.0,1.0,1.0,8.0,11.0,141.0,0.0,22.0,0.0,49.0,48.0,20.0,20.0,0.0,13.0,20.0,0.0,0.0,5.0
0.0,0.0,0.0,0.0,0.0,0.0,0.0,0.0,0.0,0.0,0.0,0.0,0.0,0.0,0.0,0.0,0.0,0.0,0.0,0.0,0.0,0.0,0.0,0.0,0.0,0.0,0.0,0.0,0.0,0.0,0.0,0.0,0.0,0.0,0.0,0.0,0.0,0.0,0.0,0.0,0.0,0.0,0.0,0.0,0.0,1.0,0.0,0.0,0.0,0.0,0.0,0.0,0.0,0.0,0.0,0.0,0.0,0.0,0.0,0.0,0.0,0.0,0.0,0.0,0.0,0.0,0.0,0.0,0.0,0.0,0.0,0.0,0.0,0.0,0.0,0.0,0.0,0.0,0.0,0.0,0.0,0.0,0.0,0.0,0.0,0.0,0.0,0.0,0.0,1.0,0.0,0.0,1.0,0.0,0.0,0.0,0.0,0.0,0.0,0.0,0.0,0.0,0.0,0.0
3.0,0.0,32.0,8.0,2.0,0.0,0.0,3.0,6.0,61.0,3.0,53.0,0.0,8.0,0.0,1.0,60.0,16.0,0.0,0.0,0.0,0.0,0.0,0.0,0.0,1.0,0.0,0.0,24.0,0.0,7.0,0.0,60.0,5.0,5.0,66.0,0.0,14.0,3.0,15.0,6.0,4.0,3.0,6.0,3.0,208.0,46.0,6.0,16.0,25.0,3.0,5.0,7.0,21.0,1.0,3.0,2.0,3.0,0.0,77.0,3.0,3.0,5.0,3.0,3.0,5.0,20.0,1.0,0.0,3.0,4.0,0.0,3.0,11.0,20.0,0.0,12.0,59.0,1.0,18.0,5.0,18.0,3.0,8.0,15.0,197.0,2.0,0.0,149.0,125.0,11.0,0.0,542.0,0.0,156.0,147.0,36.0,20.0,9.0,37.0,20.0,0.0,4.0,10.0
0.0,0.0,0.0,0.0,0.0,0.0,0.0,0.0,0.0,10.0,0.0,0.0,0.0,0.0,0.0,0.0,0.0,0.0,0.0,0.0,0.0,0.0,0.0,0.0,0.0,0.0,0.0,0.0,0.0,0.0,0.0,0.0,0.0,0.0,0.0,0.0,0.0,0.0,0.0,0.0,0.0,0.0,0.0,0.0,0.0,0.0,0.0,0.0,0.0,0.0,0.0,0.0,0.0,0.0,0.0,0.0,0.0,0.0,0.0,0.0,0.0,0.0,0.0,0.0,0.0,0.0,0.0,0.0,0.0,0.0,0.0,0.0,0.0,0.0,0.0,0.0,0.0,0.0,0.0,0.0,0.0,0.0,0.0,0.0,0.0,1.0,0.0,0.0,10.0,0.0,0.0,0.0,0.0,0.0,1.0,0.0,0.0,0.0,0.0,0.0,0.0,0.0,0.0,0.0
0.0,0.0,40.0,6.0,1.0,0.0,0.0,0.0,0.0,142.0,0.0,68.0,0.0,14.0,6.0,0.0,65.0,20.0,0.0,0.0,0.0,0.0,0.0,0.0,0.0,1.0,0.0,0.0,4.0,0.0,8.0,0.0,76.0,3.0,2.0,76.0,0.0,7.0,0.0,19.0,9.0,11.0,1.0,5.0,19.0,74.0,67.0,1.0,24.0,8.0,0.0,6.0,8.0,16.0,1.0,6.0,2.0,6.0,0.0,134.0,1.0,2.0,0.0,0.0,0.0,7.0,14.0,3.0,3.0,0.0,2.0,0.0,3.0,18.0,17.0,0.0,15.0,51.0,4.0,25.0,3.0,11.0,3.0,84.0,17.0,381.0,3.0,0.0,231.0,139.0,8.0,0.0,374.0,0.0,1531.0,243.0,36.0,28.0,3.0,28.0,27.0,0.0,0.0,3.0
0.0,0.0,40.0,2.0,0.0,0.0,0.0,0.0,0.0,119.0,0.0,62.0,0.0,35.0,4.0,0.0,64.0,0.0,0.0,0.0,0.0,0.0,0.0,0.0,0.0,0.0,0.0,0.0,0.0,0.0,5.0,0.0,33.0,2.0,1.0,75.0,0.0,3.0,0.0,0.0,0.0,1.0,0.0,0.0,0.0,2.0,0.0,0.0,17.0,4.0,0.0,2.0,1.0,2.0,0.0,0.0,0.0,0.0,0.0,76.0,1.0,1.0,0.0,0.0,0.0,3.0,7.0,3.0,0.0,0.0,2.0,0.0,0.0,1.0,15.0,0.0,15.0,48.0,1.0,18.0,1.0,8.0,0.0,55.0,15.0,200.0,1.0,0.0,167.0,110.0,11.0,0.0,315.0,0.0,225.0,1169.0,35.0,20.0,1.0,17.0,20.0,0.0,0.0,2.0
0.0,0.0,8.0,0.0,0.0,0.0,0.0,0.0,0.0,15.0,0.0,12.0,0.0,0.0,0.0,0.0,12.0,0.0,0.0,0.0,0.0,0.0,0.0,0.0,0.0,0.0,0.0,0.0,0.0,0.0,2.0,0.0,6.0,1.0,0.0,15.0,0.0,0.0,0.0,0.0,0.0,0.0,0.0,0.0,0.0,1.0,1.0,0.0,4.0,0.0,0.0,0.0,0.0,0.0,0.0,0.0,0.0,0.0,0.0,10.0,0.0,0.0,0.0,0.0,0.0,1.0,1.0,1.0,0.0,0.0,0.0,0.0,0.0,1.0,3.0,0.0,3.0,9.0,1.0,4.0,1.0,2.0,0.0,0.0,3.0,33.0,0.0,0.0,24.0,18.0,2.0,0.0,31.0,0.0,16.0,16.0,162.0,4.0,1.0,3.0,4.0,0.0,0.0,1.0
0.0,0.0,8.0,0.0,0.0,0.0,0.0,0.0,0.0,9.0,0.0,11.0,0.0,0.0,0.0,0.0,12.0,0.0,0.0,0.0,0.0,0.0,0.0,0.0,0.0,0.0,0.0,0.0,0.0,0.0,3.0,0.0,11.0,2.0,1.0,15.0,0.0,3.0,0.0,0.0,0.0,0.0,0.0,0.0,0.0,2.0,0.0,0.0,5.0,4.0,0.0,1.0,1.0,2.0,0.0,0.0,0.0,0.0,0.0,12.0,1.0,1.0,0.0,0.0,0.0,3.0,3.0,3.0,0.0,0.0,0.0,0.0,0.0,1.0,3.0,0.0,3.0,9.0,1.0,6.0,1.0,2.0,0.0,0.0,3.0,13.0,0.0,0.0,18.0,18.0,3.0,0.0,75.0,0.0,20.0,20.0,5.0,53.0,0.0,5.0,5.0,0.0,0.0,2.0
0.0,0.0,0.0,2.0,0.0,0.0,0.0,0.0,0.0,2.0,0.0,2.0,0.0,0.0,2.0,0.0,0.0,0.0,0.0,0.0,0.0,0.0,0.0,0.0,0.0,0.0,0.0,0.0,0.0,0.0,1.0,0.0,2.0,0.0,0.0,0.0,0.0,2.0,0.0,0.0,0.0,1.0,0.0,0.0,0.0,1.0,0.0,0.0,0.0,0.0,0.0,1.0,0.0,0.0,2.0,0.0,0.0,0.0,0.0,10.0,0.0,0.0,0.0,0.0,0.0,0.0,0.0,0.0,0.0,0.0,0.0,0.0,0.0,0.0,0.0,0.0,0.0,0.0,0.0,0.0,0.0,0.0,0.0,27.0,0.0,22.0,0.0,0.0,6.0,3.0,0.0,0.0,6.0,0.0,6.0,6.0,0.0,0.0,22.0,3.0,0.0,0.0,0.0,0.0
0.0,1.0,8.0,209.0,1.0,0.0,0.0,0.0,1.0,37.0,0.0,12.0,0.0,5.0,0.0,0.0,12.0,17.0,0.0,0.0,0.0,0.0,0.0,0.0,0.0,1.0,0.0,0.0,2.0,0.0,5.0,0.0,24.0,8.0,2.0,852.0,0.0,5.0,0.0,9.0,5.0,3.0,0.0,4.0,0.0,224.0,12.0,2.0,6.0,7.0,0.0,3.0,2.0,4.0,0.0,0.0,2.0,0.0,0.0,302.0,1.0,2.0,0.0,0.0,209.0,4.0,5.0,4.0,1.0,1.0,0.0,1.0,0.0,11.0,20.0,0.0,3.0,27.0,0.0,8.0,3.0,8.0,0.0,1.0,7.0,138.0,0.0,0.0,79.0,68.0,23.0,0.0,39.0,0.0,70.0,67.0,20.0,21.0,0.0,538.0,20.0,0.0,0.0,2.0
0.0,0.0,8.0,0.0,0.0,0.0,0.0,0.0,0.0,8.0,0.0,10.0,0.0,2.0,0.0,0.0,12.0,0.0,0.0,0.0,0.0,0.0,0.0,0.0,0.0,0.0,0.0,0.0,0.0,0.0,0.0,0.0,5.0,1.0,0.0,15.0,0.0,2.0,0.0,0.0,0.0,0.0,0.0,0.0,0.0,0.0,0.0,0.0,4.0,0.0,0.0,0.0,0.0,0.0,0.0,0.0,0.0,0.0,0.0,26.0,0.0,0.0,0.0,0.0,0.0,1.0,1.0,1.0,0.0,0.0,0.0,0.0,0.0,1.0,3.0,0.0,3.0,9.0,1.0,4.0,1.0,2.0,0.0,0.0,3.0,22.0,0.0,0.0,16.0,12.0,3.0,0.0,41.0,0.0,16.0,16.0,4.0,4.0,0.0,3.0,91.0,0.0,0.0,1.0
0.0,0.0,0.0,0.0,0.0,0.0,0.0,0.0,0.0,0.0,0.0,0.0,0.0,0.0,0.0,0.0,0.0,0.0,0.0,0.0,0.0,0.0,0.0,0.0,0.0,0.0,0.0,0.0,0.0,0.0,0.0,0.0,0.0,0.0,0.0,0.0,0.0,0.0,0.0,0.0,0.0,0.0,0.0,0.0,0.0,0.0,0.0,0.0,0.0,0.0,0.0,0.0,0.0,0.0,0.0,0.0,0.0,0.0,0.0,0.0,0.0,0.0,0.0,0.0,0.0,0.0,0.0,0.0,0.0,0.0,0.0,0.0,0.0,0.0,0.0,0.0,0.0,0.0,0.0,0.0,0.0,0.0,0.0,0.0,0.0,0.0,0.0,0.0,2.0,1.0,0.0,0.0,0.0,0.0,0.0,0.0,0.0,0.0,0.0,0.0,0.0,2.0,0.0,0.0
2.0,0.0,0.0,0.0,1.0,0.0,0.0,0.0,0.0,0.0,0.0,0.0,0.0,0.0,0.0,0.0,0.0,0.0,0.0,0.0,0.0,0.0,0.0,0.0,0.0,0.0,0.0,0.0,4.0,0.0,3.0,0.0,8.0,1.0,1.0,0.0,0.0,2.0,0.0,3.0,0.0,0.0,0.0,0.0,0.0,2.0,0.0,1.0,1.0,1.0,0.0,0.0,1.0,4.0,0.0,0.0,2.0,0.0,0.0,10.0,0.0,0.0,1.0,0.0,0.0,1.0,1.0,0.0,0.0,0.0,0.0,0.0,0.0,2.0,1.0,0.0,0.0,3.0,0.0,0.0,0.0,2.0,0.0,0.0,0.0,8.0,0.0,0.0,5.0,4.0,1.0,0.0,4.0,0.0,7.0,7.0,1.0,1.0,0.0,3.0,1.0,0.0,17.0,1.0
0.0,0.0,4.0,2.0,4.0,0.0,0.0,3.0,2.0,11.0,0.0,1.0,0.0,0.0,6.0,0.0,0.0,31.0,0.0,0.0,0.0,0.0,0.0,0.0,0.0,0.0,0.0,0.0,6.0,0.0,1.0,0.0,13.0,9.0,0.0,2.0,0.0,11.0,6.0,0.0,0.0,1.0,0.0,1.0,8.0,34.0,4.0,0.0,14.0,20.0,4.0,8.0,2.0,8.0,5.0,2.0,0.0,2.0,0.0,10.0,0.0,0.0,0.0,0.0,0.0,1.0,1.0,1.0,0.0,0.0,0.0,0.0,0.0,5.0,0.0,0.0,0.0,0.0,1.0,2.0,1.0,3.0,0.0,1.0,0.0,135.0,4.0,0.0,25.0,9.0,5.0,0.0,0.0,0.0,12.0,7.0,1.0,1.0,1.0,0.0,1.0,0.0,5.0,274.0
